-1000.0000   0.0036   
-998.0000   0.0048   
-996.0000   0.0069   
-994.0000   0.0101   
-992.0000   0.0138   
-990.0000   0.0177   
-988.0000   0.0213   
-986.0000   0.0242   
-984.0000   0.0259   
-982.0000   0.0260   
-980.0000   0.0241   
-978.0000   0.0203   
-976.0000   0.0149   
-974.0000   0.0085   
-972.0000   0.0016   
-970.0000   -0.0055   
-968.0000   -0.0122   
-966.0000   -0.0182   
-964.0000   -0.0229   
-962.0000   -0.0263   
-960.0000   -0.0280   
-958.0000   -0.0277   
-956.0000   -0.0251   
-954.0000   -0.0198   
-952.0000   -0.0126   
-950.0000   -0.0042   
-948.0000   0.0047   
-946.0000   0.0132   
-944.0000   0.0207   
-942.0000   0.0262   
-940.0000   0.0291   
-938.0000   0.0293   
-936.0000   0.0270   
-934.0000   0.0229   
-932.0000   0.0173   
-930.0000   0.0107   
-928.0000   0.0037   
-926.0000   -0.0034   
-924.0000   -0.0101   
-922.0000   -0.0159   
-920.0000   -0.0204   
-918.0000   -0.0229   
-916.0000   -0.0232   
-914.0000   -0.0209   
-912.0000   -0.0166   
-910.0000   -0.0111   
-908.0000   -0.0052   
-906.0000   0.0005   
-904.0000   0.0052   
-902.0000   0.0087   
-900.0000   0.0110   
-898.0000   0.0121   
-896.0000   0.0122   
-894.0000   0.0116   
-892.0000   0.0106   
-890.0000   0.0095   
-888.0000   0.0084   
-886.0000   0.0075   
-884.0000   0.0067   
-882.0000   0.0060   
-880.0000   0.0054   
-878.0000   0.0047   
-876.0000   0.0039   
-874.0000   0.0028   
-872.0000   0.0016   
-870.0000   0.0004   
-868.0000   -0.0006   
-866.0000   -0.0014   
-864.0000   -0.0018   
-862.0000   -0.0016   
-860.0000   -0.0008   
-858.0000   0.0004   
-856.0000   0.0017   
-854.0000   0.0027   
-852.0000   0.0032   
-850.0000   0.0031   
-848.0000   0.0025   
-846.0000   0.0015   
-844.0000   0.0000   
-842.0000   -0.0018   
-840.0000   -0.0036   
-838.0000   -0.0050   
-836.0000   -0.0057   
-834.0000   -0.0056   
-832.0000   -0.0049   
-830.0000   -0.0037   
-828.0000   -0.0022   
-826.0000   -0.0006   
-824.0000   0.0009   
-822.0000   0.0019   
-820.0000   0.0024   
-818.0000   0.0020   
-816.0000   0.0009   
-814.0000   -0.0004   
-812.0000   -0.0014   
-810.0000   -0.0018   
-808.0000   -0.0014   
-806.0000   -0.0001   
-804.0000   0.0018   
-802.0000   0.0042   
-800.0000   0.0065   
-798.0000   0.0076   
-796.0000   0.0069   
-794.0000   0.0035   
-792.0000   -0.0020   
-790.0000   -0.0090   
-788.0000   -0.0163   
-786.0000   -0.0231   
-784.0000   -0.0284   
-782.0000   -0.0312   
-780.0000   -0.0306   
-778.0000   -0.0265   
-776.0000   -0.0193   
-774.0000   -0.0097   
-772.0000   0.0016   
-770.0000   0.0138   
-768.0000   0.0263   
-766.0000   0.0387   
-764.0000   0.0506   
-762.0000   0.0616   
-760.0000   0.0716   
-758.0000   0.0801   
-756.0000   0.0872   
-754.0000   0.0929   
-752.0000   0.0973   
-750.0000   0.1003   
-748.0000   0.1019   
-746.0000   0.1022   
-744.0000   0.1012   
-742.0000   0.0991   
-740.0000   0.0961   
-738.0000   0.0922   
-736.0000   0.0878   
-734.0000   0.0829   
-732.0000   0.0777   
-730.0000   0.0723   
-728.0000   0.0668   
-726.0000   0.0616   
-724.0000   0.0566   
-722.0000   0.0518   
-720.0000   0.0474   
-718.0000   0.0433   
-716.0000   0.0395   
-714.0000   0.0361   
-712.0000   0.0329   
-710.0000   0.0300   
-708.0000   0.0270   
-706.0000   0.0239   
-704.0000   0.0205   
-702.0000   0.0167   
-700.0000   0.0127   
-698.0000   0.0085   
-696.0000   0.0040   
-694.0000   -0.0004   
-692.0000   -0.0048   
-690.0000   -0.0089   
-688.0000   -0.0129   
-686.0000   -0.0167   
-684.0000   -0.0203   
-682.0000   -0.0238   
-680.0000   -0.0273   
-678.0000   -0.0310   
-676.0000   -0.0347   
-674.0000   -0.0385   
-672.0000   -0.0423   
-670.0000   -0.0461   
-668.0000   -0.0499   
-666.0000   -0.0533   
-664.0000   -0.0564   
-662.0000   -0.0588   
-660.0000   -0.0608   
-658.0000   -0.0625   
-656.0000   -0.0639   
-654.0000   -0.0652   
-652.0000   -0.0666   
-650.0000   -0.0682   
-648.0000   -0.0703   
-646.0000   -0.0728   
-644.0000   -0.0757   
-642.0000   -0.0788   
-640.0000   -0.0820   
-638.0000   -0.0851   
-636.0000   -0.0880   
-634.0000   -0.0906   
-632.0000   -0.0928   
-630.0000   -0.0947   
-628.0000   -0.0963   
-626.0000   -0.0977   
-624.0000   -0.0991   
-622.0000   -0.1004   
-620.0000   -0.1016   
-618.0000   -0.1028   
-616.0000   -0.1040   
-614.0000   -0.1052   
-612.0000   -0.1063   
-610.0000   -0.1072   
-608.0000   -0.1081   
-606.0000   -0.1088   
-604.0000   -0.1093   
-602.0000   -0.1098   
-600.0000   -0.1103   
-598.0000   -0.1107   
-596.0000   -0.1111   
-594.0000   -0.1115   
-592.0000   -0.1119   
-590.0000   -0.1122   
-588.0000   -0.1124   
-586.0000   -0.1125   
-584.0000   -0.1124   
-582.0000   -0.1120   
-580.0000   -0.1114   
-578.0000   -0.1106   
-576.0000   -0.1095   
-574.0000   -0.1082   
-572.0000   -0.1067   
-570.0000   -0.1051   
-568.0000   -0.1034   
-566.0000   -0.1015   
-564.0000   -0.0997   
-562.0000   -0.0977   
-560.0000   -0.0958   
-558.0000   -0.0938   
-556.0000   -0.0917   
-554.0000   -0.0896   
-552.0000   -0.0873   
-550.0000   -0.0850   
-548.0000   -0.0824   
-546.0000   -0.0796   
-544.0000   -0.0763   
-542.0000   -0.0726   
-540.0000   -0.0684   
-538.0000   -0.0637   
-536.0000   -0.0586   
-534.0000   -0.0531   
-532.0000   -0.0473   
-530.0000   -0.0412   
-528.0000   -0.0349   
-526.0000   -0.0284   
-524.0000   -0.0218   
-522.0000   -0.0151   
-520.0000   -0.0085   
-518.0000   -0.0019   
-516.0000   0.0043   
-514.0000   0.0102   
-512.0000   0.0155   
-510.0000   0.0201   
-508.0000   0.0240   
-506.0000   0.0270   
-504.0000   0.0290   
-502.0000   0.0300   
-500.0000   0.0301   
-498.0000   0.0293   
-496.0000   0.0280   
-494.0000   0.0260   
-492.0000   0.0237   
-490.0000   0.0210   
-488.0000   0.0181   
-486.0000   0.0151   
-484.0000   0.0121   
-482.0000   0.0094   
-480.0000   0.0069   
-478.0000   0.0048   
-476.0000   0.0031   
-474.0000   0.0016   
-472.0000   0.0004   
-470.0000   -0.0007   
-468.0000   -0.0017   
-466.0000   -0.0025   
-464.0000   -0.0033   
-462.0000   -0.0039   
-460.0000   -0.0044   
-458.0000   -0.0047   
-456.0000   -0.0048   
-454.0000   -0.0047   
-452.0000   -0.0044   
-450.0000   -0.0038   
-448.0000   -0.0030   
-446.0000   -0.0021   
-444.0000   -0.0011   
-442.0000   -0.0002   
-440.0000   0.0006   
-438.0000   0.0011   
-436.0000   0.0014   
-434.0000   0.0014   
-432.0000   0.0012   
-430.0000   0.0008   
-428.0000   0.0003   
-426.0000   -0.0003   
-424.0000   -0.0008   
-422.0000   -0.0012   
-420.0000   -0.0014   
-418.0000   -0.0013   
-416.0000   -0.0010   
-414.0000   -0.0005   
-412.0000   0.0001   
-410.0000   0.0007   
-408.0000   0.0013   
-406.0000   0.0017   
-404.0000   0.0021   
-402.0000   0.0022   
-400.0000   0.0020   
-398.0000   0.0016   
-396.0000   0.0009   
-394.0000   0.0001   
-392.0000   -0.0007   
-390.0000   -0.0014   
-388.0000   -0.0020   
-386.0000   -0.0022   
-384.0000   -0.0021   
-382.0000   -0.0018   
-380.0000   -0.0013   
-378.0000   -0.0005   
-376.0000   0.0003   
-374.0000   0.0010   
-372.0000   0.0014   
-370.0000   0.0016   
-368.0000   0.0015   
-366.0000   0.0012   
-364.0000   0.0007   
-362.0000   0.0002   
-360.0000   -0.0004   
-358.0000   -0.0008   
-356.0000   -0.0011   
-354.0000   -0.0011   
-352.0000   -0.0010   
-350.0000   -0.0007   
-348.0000   -0.0002   
-346.0000   0.0003   
-344.0000   0.0007   
-342.0000   0.0011   
-340.0000   0.0012   
-338.0000   0.0012   
-336.0000   0.0010   
-334.0000   0.0006   
-332.0000   0.0002   
-330.0000   -0.0003   
-328.0000   -0.0009   
-326.0000   -0.0013   
-324.0000   -0.0017   
-322.0000   -0.0020   
-320.0000   -0.0020   
-318.0000   -0.0017   
-316.0000   -0.0011   
-314.0000   -0.0003   
-312.0000   0.0006   
-310.0000   0.0015   
-308.0000   0.0023   
-306.0000   0.0028   
-304.0000   0.0029   
-302.0000   0.0028   
-300.0000   0.0024   
-298.0000   0.0016   
-296.0000   0.0005   
-294.0000   -0.0008   
-292.0000   -0.0021   
-290.0000   -0.0033   
-288.0000   -0.0041   
-286.0000   -0.0045   
-284.0000   -0.0044   
-282.0000   -0.0040   
-280.0000   -0.0031   
-278.0000   -0.0019   
-276.0000   -0.0006   
-274.0000   0.0010   
-272.0000   0.0025   
-270.0000   0.0039   
-268.0000   0.0051   
-266.0000   0.0061   
-264.0000   0.0068   
-262.0000   0.0073   
-260.0000   0.0075   
-258.0000   0.0074   
-256.0000   0.0071   
-254.0000   0.0065   
-252.0000   0.0056   
-250.0000   0.0044   
-248.0000   0.0030   
-246.0000   0.0013   
-244.0000   -0.0006   
-242.0000   -0.0025   
-240.0000   -0.0045   
-238.0000   -0.0063   
-236.0000   -0.0079   
-234.0000   -0.0092   
-232.0000   -0.0101   
-230.0000   -0.0106   
-228.0000   -0.0107   
-226.0000   -0.0102   
-224.0000   -0.0092   
-222.0000   -0.0079   
-220.0000   -0.0064   
-218.0000   -0.0049   
-216.0000   -0.0033   
-214.0000   -0.0018   
-212.0000   -0.0004   
-210.0000   0.0010   
-208.0000   0.0022   
-206.0000   0.0033   
-204.0000   0.0042   
-202.0000   0.0050   
-200.0000   0.0055   
-198.0000   0.0059   
-196.0000   0.0062   
-194.0000   0.0066   
-192.0000   0.0070   
-190.0000   0.0076   
-188.0000   0.0083   
-186.0000   0.0089   
-184.0000   0.0095   
-182.0000   0.0098   
-180.0000   0.0097   
-178.0000   0.0093   
-176.0000   0.0085   
-174.0000   0.0072   
-172.0000   0.0053   
-170.0000   0.0031   
-168.0000   0.0008   
-166.0000   -0.0015   
-164.0000   -0.0035   
-162.0000   -0.0050   
-160.0000   -0.0059   
-158.0000   -0.0062   
-156.0000   -0.0058   
-154.0000   -0.0049   
-152.0000   -0.0034   
-150.0000   -0.0015   
-148.0000   0.0004   
-146.0000   0.0021   
-144.0000   0.0031   
-142.0000   0.0035   
-140.0000   0.0033   
-138.0000   0.0024   
-136.0000   0.0011   
-134.0000   -0.0003   
-132.0000   -0.0015   
-130.0000   -0.0021   
-128.0000   -0.0021   
-126.0000   -0.0016   
-124.0000   -0.0007   
-122.0000   0.0002   
-120.0000   0.0011   
-118.0000   0.0016   
-116.0000   0.0015   
-114.0000   0.0011   
-112.0000   0.0004   
-110.0000   -0.0004   
-108.0000   -0.0011   
-106.0000   -0.0016   
-104.0000   -0.0017   
-102.0000   -0.0013   
-100.0000   -0.0006   
-98.0000   0.0003   
-96.0000   0.0012   
-94.0000   0.0018   
-92.0000   0.0021   
-90.0000   0.0020   
-88.0000   0.0017   
-86.0000   0.0011   
-84.0000   0.0004   
-82.0000   -0.0003   
-80.0000   -0.0009   
-78.0000   -0.0015   
-76.0000   -0.0019   
-74.0000   -0.0022   
-72.0000   -0.0024   
-70.0000   -0.0024   
-68.0000   -0.0023   
-66.0000   -0.0019   
-64.0000   -0.0012   
-62.0000   -0.0003   
-60.0000   0.0006   
-58.0000   0.0014   
-56.0000   0.0021   
-54.0000   0.0025   
-52.0000   0.0026   
-50.0000   0.0024   
-48.0000   0.0020   
-46.0000   0.0015   
-44.0000   0.0007   
-42.0000   -0.0001   
-40.0000   -0.0011   
-38.0000   -0.0019   
-36.0000   -0.0027   
-34.0000   -0.0031   
-32.0000   -0.0030   
-30.0000   -0.0025   
-28.0000   -0.0013   
-26.0000   0.0003   
-24.0000   0.0020   
-22.0000   0.0034   
-20.0000   0.0044   
-18.0000   0.0044   
-16.0000   0.0035   
-14.0000   0.0016   
-12.0000   -0.0007   
-10.0000   -0.0031   
-8.0000   -0.0052   
-6.0000   -0.0062   
-4.0000   -0.0060   
-2.0000   -0.0048   
0.0000   -0.0029   
2.0000   -0.0008   
4.0000   0.0013   
6.0000   0.0033   
8.0000   0.0050   
10.0000   0.0064   
12.0000   0.0075   
14.0000   0.0085   
16.0000   0.0093   
18.0000   0.0101   
20.0000   0.0107   
22.0000   0.0111   
24.0000   0.0113   
26.0000   0.0111   
28.0000   0.0106   
30.0000   0.0097   
32.0000   0.0082   
34.0000   0.0062   
36.0000   0.0036   
38.0000   0.0006   
40.0000   -0.0025   
42.0000   -0.0056   
44.0000   -0.0083   
46.0000   -0.0105   
48.0000   -0.0118   
50.0000   -0.0121   
52.0000   -0.0116   
54.0000   -0.0102   
56.0000   -0.0080   
58.0000   -0.0052   
60.0000   -0.0020   
62.0000   0.0014   
64.0000   0.0045   
66.0000   0.0070   
68.0000   0.0086   
70.0000   0.0094   
72.0000   0.0093   
74.0000   0.0084   
76.0000   0.0068   
78.0000   0.0047   
80.0000   0.0023   
82.0000   -0.0001   
84.0000   -0.0022   
86.0000   -0.0039   
88.0000   -0.0049   
90.0000   -0.0052   
92.0000   -0.0049   
94.0000   -0.0042   
96.0000   -0.0032   
98.0000   -0.0020   
100.0000   -0.0008   
102.0000   0.0002   
104.0000   0.0010   
106.0000   0.0016   
108.0000   0.0020   
110.0000   0.0021   
112.0000   0.0021   
114.0000   0.0020   
116.0000   0.0017   
118.0000   0.0014   
120.0000   0.0011   
122.0000   0.0007   
124.0000   0.0004   
126.0000   0.0002   
128.0000   -0.0000   
130.0000   -0.0002   
132.0000   -0.0004   
134.0000   -0.0006   
136.0000   -0.0009   
138.0000   -0.0013   
140.0000   -0.0017   
142.0000   -0.0022   
144.0000   -0.0026   
146.0000   -0.0027   
148.0000   -0.0025   
150.0000   -0.0019   
152.0000   -0.0009   
154.0000   0.0004   
156.0000   0.0018   
158.0000   0.0031   
160.0000   0.0041   
162.0000   0.0047   
164.0000   0.0046   
166.0000   0.0035   
168.0000   0.0013   
170.0000   -0.0013   
172.0000   -0.0038   
174.0000   -0.0056   
176.0000   -0.0065   
178.0000   -0.0063   
180.0000   -0.0050   
182.0000   -0.0028   
184.0000   -0.0001   
186.0000   0.0027   
188.0000   0.0051   
190.0000   0.0068   
192.0000   0.0077   
194.0000   0.0079   
196.0000   0.0074   
198.0000   0.0064   
200.0000   0.0049   
202.0000   0.0033   
204.0000   0.0015   
206.0000   -0.0003   
208.0000   -0.0021   
210.0000   -0.0037   
212.0000   -0.0050   
214.0000   -0.0061   
216.0000   -0.0069   
218.0000   -0.0074   
220.0000   -0.0074   
222.0000   -0.0069   
224.0000   -0.0059   
226.0000   -0.0046   
228.0000   -0.0029   
230.0000   -0.0010   
232.0000   0.0009   
234.0000   0.0028   
236.0000   0.0044   
238.0000   0.0054   
240.0000   0.0054   
242.0000   0.0042   
244.0000   0.0021   
246.0000   -0.0003   
248.0000   -0.0024   
250.0000   -0.0038   
252.0000   -0.0042   
254.0000   -0.0032   
256.0000   -0.0013   
258.0000   0.0008   
260.0000   0.0025   
262.0000   0.0035   
264.0000   0.0037   
266.0000   0.0031   
268.0000   0.0020   
270.0000   0.0005   
272.0000   -0.0012   
274.0000   -0.0027   
276.0000   -0.0036   
278.0000   -0.0037   
280.0000   -0.0030   
282.0000   -0.0019   
284.0000   -0.0006   
286.0000   0.0008   
288.0000   0.0020   
290.0000   0.0030   
292.0000   0.0036   
294.0000   0.0037   
296.0000   0.0034   
298.0000   0.0027   
300.0000   0.0018   
302.0000   0.0007   
304.0000   -0.0004   
306.0000   -0.0013   
308.0000   -0.0021   
310.0000   -0.0027   
312.0000   -0.0031   
314.0000   -0.0033   
316.0000   -0.0032   
318.0000   -0.0030   
320.0000   -0.0026   
322.0000   -0.0021   
324.0000   -0.0015   
326.0000   -0.0008   
328.0000   -0.0000   
330.0000   0.0007   
332.0000   0.0014   
334.0000   0.0020   
336.0000   0.0025   
338.0000   0.0029   
340.0000   0.0031   
342.0000   0.0031   
344.0000   0.0030   
346.0000   0.0027   
348.0000   0.0023   
350.0000   0.0018   
352.0000   0.0011   
354.0000   0.0003   
356.0000   -0.0006   
358.0000   -0.0016   
360.0000   -0.0027   
362.0000   -0.0038   
364.0000   -0.0049   
366.0000   -0.0061   
368.0000   -0.0072   
370.0000   -0.0082   
372.0000   -0.0091   
374.0000   -0.0098   
376.0000   -0.0104   
378.0000   -0.0108   
380.0000   -0.0111   
382.0000   -0.0113   
384.0000   -0.0114   
386.0000   -0.0116   
388.0000   -0.0117   
390.0000   -0.0120   
392.0000   -0.0124   
394.0000   -0.0129   
396.0000   -0.0134   
398.0000   -0.0141   
400.0000   -0.0147   
402.0000   -0.0153   
404.0000   -0.0157   
406.0000   -0.0160   
408.0000   -0.0161   
410.0000   -0.0160   
412.0000   -0.0156   
414.0000   -0.0151   
416.0000   -0.0145   
418.0000   -0.0137   
420.0000   -0.0129   
422.0000   -0.0120   
424.0000   -0.0112   
426.0000   -0.0103   
428.0000   -0.0095   
430.0000   -0.0088   
432.0000   -0.0081   
434.0000   -0.0075   
436.0000   -0.0070   
438.0000   -0.0065   
440.0000   -0.0059   
442.0000   -0.0051   
444.0000   -0.0042   
446.0000   -0.0029   
448.0000   -0.0013   
450.0000   0.0007   
452.0000   0.0030   
454.0000   0.0054   
456.0000   0.0077   
458.0000   0.0097   
460.0000   0.0116   
462.0000   0.0132   
464.0000   0.0147   
466.0000   0.0163   
468.0000   0.0182   
470.0000   0.0204   
472.0000   0.0231   
474.0000   0.0263   
476.0000   0.0299   
478.0000   0.0339   
480.0000   0.0381   
482.0000   0.0426   
484.0000   0.0473   
486.0000   0.0519   
488.0000   0.0564   
490.0000   0.0605   
492.0000   0.0640   
494.0000   0.0667   
496.0000   0.0684   
498.0000   0.0690   
500.0000   0.0681   
502.0000   0.0658   
504.0000   0.0621   
506.0000   0.0572   
508.0000   0.0514   
510.0000   0.0449   
512.0000   0.0378   
514.0000   0.0304   
516.0000   0.0230   
518.0000   0.0155   
520.0000   0.0083   
522.0000   0.0014   
524.0000   -0.0053   
526.0000   -0.0117   
528.0000   -0.0179   
530.0000   -0.0239   
532.0000   -0.0297   
534.0000   -0.0354   
536.0000   -0.0410   
538.0000   -0.0464   
540.0000   -0.0517   
542.0000   -0.0569   
544.0000   -0.0620   
546.0000   -0.0670   
548.0000   -0.0717   
550.0000   -0.0763   
552.0000   -0.0807   
554.0000   -0.0850   
556.0000   -0.0891   
558.0000   -0.0932   
560.0000   -0.0972   
562.0000   -0.1011   
564.0000   -0.1048   
566.0000   -0.1085   
568.0000   -0.1119   
570.0000   -0.1151   
572.0000   -0.1180   
574.0000   -0.1205   
576.0000   -0.1228   
578.0000   -0.1247   
580.0000   -0.1262   
582.0000   -0.1274   
584.0000   -0.1283   
586.0000   -0.1291   
588.0000   -0.1298   
590.0000   -0.1306   
592.0000   -0.1315   
594.0000   -0.1323   
596.0000   -0.1333   
598.0000   -0.1342   
600.0000   -0.1351   
602.0000   -0.1359   
604.0000   -0.1366   
606.0000   -0.1371   
608.0000   -0.1372   
610.0000   -0.1369   
612.0000   -0.1363   
614.0000   -0.1355   
616.0000   -0.1344   
618.0000   -0.1333   
620.0000   -0.1320   
622.0000   -0.1308   
624.0000   -0.1296   
626.0000   -0.1283   
628.0000   -0.1271   
630.0000   -0.1258   
632.0000   -0.1245   
634.0000   -0.1230   
636.0000   -0.1213   
638.0000   -0.1195   
640.0000   -0.1176   
642.0000   -0.1155   
644.0000   -0.1134   
646.0000   -0.1113   
648.0000   -0.1090   
650.0000   -0.1067   
652.0000   -0.1043   
654.0000   -0.1017   
656.0000   -0.0990   
658.0000   -0.0962   
660.0000   -0.0931   
662.0000   -0.0899   
664.0000   -0.0865   
666.0000   -0.0829   
668.0000   -0.0792   
670.0000   -0.0753   
672.0000   -0.0715   
674.0000   -0.0676   
676.0000   -0.0638   
678.0000   -0.0602   
680.0000   -0.0566   
682.0000   -0.0532   
684.0000   -0.0499   
686.0000   -0.0466   
688.0000   -0.0434   
690.0000   -0.0401   
692.0000   -0.0368   
694.0000   -0.0334   
696.0000   -0.0298   
698.0000   -0.0260   
700.0000   -0.0220   
702.0000   -0.0178   
704.0000   -0.0135   
706.0000   -0.0091   
708.0000   -0.0049   
710.0000   -0.0007   
712.0000   0.0034   
714.0000   0.0073   
716.0000   0.0111   
718.0000   0.0149   
720.0000   0.0185   
722.0000   0.0222   
724.0000   0.0259   
726.0000   0.0297   
728.0000   0.0333   
730.0000   0.0368   
732.0000   0.0402   
734.0000   0.0433   
736.0000   0.0462   
738.0000   0.0488   
740.0000   0.0513   
742.0000   0.0535   
744.0000   0.0554   
746.0000   0.0570   
748.0000   0.0583   
750.0000   0.0594   
752.0000   0.0602   
754.0000   0.0611   
756.0000   0.0620   
758.0000   0.0630   
760.0000   0.0641   
762.0000   0.0651   
764.0000   0.0662   
766.0000   0.0672   
768.0000   0.0677   
770.0000   0.0671   
772.0000   0.0651   
774.0000   0.0613   
776.0000   0.0556   
778.0000   0.0485   
780.0000   0.0401   
782.0000   0.0308   
784.0000   0.0208   
786.0000   0.0105   
788.0000   0.0006   
790.0000   -0.0084   
792.0000   -0.0158   
794.0000   -0.0212   
796.0000   -0.0238   
798.0000   -0.0234   
800.0000   -0.0204   
802.0000   -0.0158   
804.0000   -0.0104   
806.0000   -0.0049   
808.0000   -0.0001   
810.0000   0.0036   
812.0000   0.0060   
814.0000   0.0069   
816.0000   0.0064   
818.0000   0.0044   
820.0000   0.0018   
822.0000   -0.0006   
824.0000   -0.0021   
826.0000   -0.0021   
828.0000   -0.0012   
830.0000   -0.0000   
832.0000   0.0009   
834.0000   0.0013   
836.0000   0.0012   
838.0000   0.0005   
840.0000   -0.0007   
842.0000   -0.0018   
844.0000   -0.0027   
846.0000   -0.0028   
848.0000   -0.0020   
850.0000   -0.0004   
852.0000   0.0014   
854.0000   0.0031   
856.0000   0.0041   
858.0000   0.0043   
860.0000   0.0035   
862.0000   0.0020   
864.0000   0.0001   
866.0000   -0.0020   
868.0000   -0.0039   
870.0000   -0.0055   
872.0000   -0.0065   
874.0000   -0.0067   
876.0000   -0.0061   
878.0000   -0.0043   
880.0000   -0.0014   
882.0000   0.0023   
884.0000   0.0061   
886.0000   0.0095   
888.0000   0.0119   
890.0000   0.0129   
892.0000   0.0126   
894.0000   0.0112   
896.0000   0.0088   
898.0000   0.0055   
900.0000   0.0016   
902.0000   -0.0029   
904.0000   -0.0077   
906.0000   -0.0127   
908.0000   -0.0178   
910.0000   -0.0228   
912.0000   -0.0276   
914.0000   -0.0320   
916.0000   -0.0358   
918.0000   -0.0389   
920.0000   -0.0408   
922.0000   -0.0411   
924.0000   -0.0396   
926.0000   -0.0360   
928.0000   -0.0300   
930.0000   -0.0215   
932.0000   -0.0102   
934.0000   0.0036   
936.0000   0.0189   
938.0000   0.0343   
940.0000   0.0485   
942.0000   0.0602   
944.0000   0.0680   
946.0000   0.0708   
948.0000   0.0677   
950.0000   0.0590   
952.0000   0.0450   
954.0000   0.0262   
956.0000   0.0033   
958.0000   -0.0213   
960.0000   -0.0451   
962.0000   -0.0654   
964.0000   -0.0807   
966.0000   -0.0906   
968.0000   -0.0949   
970.0000   -0.0933   
972.0000   -0.0856   
974.0000   -0.0727   
976.0000   -0.0555   
978.0000   -0.0354   
980.0000   -0.0135   
982.0000   0.0089   
984.0000   0.0307   
986.0000   0.0507   
988.0000   0.0682   
990.0000   0.0828   
992.0000   0.0942   
994.0000   0.1024   
996.0000   0.1072   
998.0000   0.1086   
1000.0000   0.1065   
