-1000.0000   0.0086   
-998.0000   0.0113   
-996.0000   0.0038   
-994.0000   -0.0140   
-992.0000   -0.0236   
-990.0000   -0.0065   
-988.0000   0.0312   
-986.0000   0.0519   
-984.0000   0.0249   
-982.0000   -0.0311   
-980.0000   -0.0748   
-978.0000   -0.0577   
-976.0000   0.0097   
-974.0000   0.0775   
-972.0000   0.0712   
-970.0000   0.0030   
-968.0000   -0.0424   
-966.0000   -0.0618   
-964.0000   -0.0406   
-962.0000   0.0445   
-960.0000   0.0608   
-958.0000   -0.0196   
-956.0000   -0.0735   
-954.0000   -0.0102   
-952.0000   0.0516   
-950.0000   0.0955   
-948.0000   0.1158   
-946.0000   -0.0143   
-944.0000   -0.1295   
-942.0000   -0.0603   
-940.0000   0.0632   
-938.0000   0.1261   
-936.0000   0.0694   
-934.0000   -0.0383   
-932.0000   -0.0976   
-930.0000   -0.0446   
-928.0000   0.0507   
-926.0000   0.0598   
-924.0000   -0.0013   
-922.0000   -0.0392   
-920.0000   -0.0339   
-918.0000   -0.0012   
-916.0000   0.0222   
-914.0000   0.0218   
-912.0000   0.0063   
-910.0000   -0.0114   
-908.0000   -0.0200   
-906.0000   -0.0114   
-904.0000   0.0087   
-902.0000   0.0242   
-900.0000   0.0211   
-898.0000   0.0027   
-896.0000   -0.0187   
-894.0000   -0.0292   
-892.0000   -0.0200   
-890.0000   0.0081   
-888.0000   0.0317   
-886.0000   0.0319   
-884.0000   0.0153   
-882.0000   -0.0069   
-880.0000   -0.0247   
-878.0000   -0.0323   
-876.0000   -0.0246   
-874.0000   -0.0004   
-872.0000   0.0250   
-870.0000   0.0285   
-868.0000   0.0126   
-866.0000   -0.0028   
-864.0000   -0.0154   
-862.0000   -0.0198   
-860.0000   -0.0080   
-858.0000   0.0154   
-856.0000   0.0109   
-854.0000   -0.0130   
-852.0000   -0.0089   
-850.0000   0.0121   
-848.0000   0.0145   
-846.0000   -0.0020   
-844.0000   -0.0173   
-842.0000   -0.0126   
-840.0000   0.0084   
-838.0000   0.0199   
-836.0000   0.0110   
-834.0000   -0.0089   
-832.0000   -0.0178   
-830.0000   -0.0089   
-828.0000   0.0119   
-826.0000   0.0129   
-824.0000   -0.0055   
-822.0000   -0.0102   
-820.0000   0.0008   
-818.0000   0.0090   
-816.0000   0.0090   
-814.0000   0.0004   
-812.0000   -0.0094   
-810.0000   -0.0091   
-808.0000   0.0002   
-806.0000   0.0106   
-804.0000   0.0022   
-802.0000   -0.0107   
-800.0000   -0.0033   
-798.0000   0.0090   
-796.0000   0.0055   
-794.0000   -0.0051   
-792.0000   -0.0003   
-790.0000   0.0020   
-788.0000   -0.0026   
-786.0000   0.0050   
-784.0000   0.0019   
-782.0000   -0.0127   
-780.0000   -0.0107   
-778.0000   0.0043   
-776.0000   0.0199   
-774.0000   0.0194   
-772.0000   0.0056   
-770.0000   -0.0095   
-768.0000   -0.0131   
-766.0000   -0.0057   
-764.0000   0.0014   
-762.0000   0.0034   
-760.0000   0.0016   
-758.0000   0.0000   
-756.0000   -0.0000   
-754.0000   0.0009   
-752.0000   0.0016   
-750.0000   0.0002   
-748.0000   -0.0041   
-746.0000   -0.0063   
-744.0000   -0.0006   
-742.0000   0.0083   
-740.0000   0.0030   
-738.0000   -0.0091   
-736.0000   -0.0063   
-734.0000   0.0038   
-732.0000   0.0091   
-730.0000   0.0089   
-728.0000   0.0076   
-726.0000   0.0040   
-724.0000   -0.0008   
-722.0000   -0.0053   
-720.0000   -0.0076   
-718.0000   -0.0051   
-716.0000   0.0036   
-714.0000   0.0055   
-712.0000   -0.0021   
-710.0000   -0.0037   
-708.0000   0.0008   
-706.0000   0.0020   
-704.0000   0.0003   
-702.0000   -0.0010   
-700.0000   -0.0009   
-698.0000   -0.0001   
-696.0000   0.0008   
-694.0000   0.0011   
-692.0000   0.0002   
-690.0000   -0.0014   
-688.0000   0.0004   
-686.0000   0.0016   
-684.0000   -0.0019   
-682.0000   -0.0013   
-680.0000   0.0030   
-678.0000   0.0002   
-676.0000   -0.0045   
-674.0000   -0.0015   
-672.0000   0.0045   
-670.0000   0.0058   
-668.0000   -0.0000   
-666.0000   -0.0051   
-664.0000   -0.0019   
-662.0000   0.0033   
-660.0000   0.0011   
-658.0000   -0.0019   
-656.0000   -0.0001   
-654.0000   0.0020   
-652.0000   0.0005   
-650.0000   -0.0028   
-648.0000   -0.0044   
-646.0000   -0.0036   
-644.0000   0.0003   
-642.0000   0.0055   
-640.0000   0.0071   
-638.0000   0.0013   
-636.0000   -0.0064   
-634.0000   -0.0042   
-632.0000   0.0048   
-630.0000   0.0046   
-628.0000   -0.0038   
-626.0000   -0.0032   
-624.0000   0.0042   
-622.0000   0.0047   
-620.0000   -0.0001   
-618.0000   -0.0051   
-616.0000   -0.0065   
-614.0000   0.0005   
-612.0000   0.0071   
-610.0000   0.0040   
-608.0000   -0.0030   
-606.0000   -0.0065   
-604.0000   -0.0023   
-602.0000   0.0033   
-600.0000   0.0053   
-598.0000   0.0047   
-596.0000   0.0017   
-594.0000   -0.0024   
-592.0000   -0.0049   
-590.0000   -0.0012   
-588.0000   0.0047   
-586.0000   0.0055   
-584.0000   0.0013   
-582.0000   -0.0043   
-580.0000   -0.0057   
-578.0000   0.0001   
-576.0000   0.0047   
-574.0000   0.0008   
-572.0000   -0.0028   
-570.0000   -0.0012   
-568.0000   0.0002   
-566.0000   0.0003   
-564.0000   -0.0002   
-562.0000   0.0000   
-560.0000   0.0018   
-558.0000   0.0023   
-556.0000   -0.0009   
-554.0000   -0.0044   
-552.0000   -0.0038   
-550.0000   -0.0002   
-548.0000   0.0043   
-546.0000   0.0071   
-544.0000   0.0050   
-542.0000   -0.0010   
-540.0000   -0.0065   
-538.0000   -0.0057   
-536.0000   0.0008   
-534.0000   0.0044   
-532.0000   0.0009   
-530.0000   -0.0031   
-528.0000   -0.0026   
-526.0000   -0.0004   
-524.0000   0.0017   
-522.0000   0.0026   
-520.0000   0.0014   
-518.0000   -0.0018   
-516.0000   -0.0041   
-514.0000   -0.0048   
-512.0000   -0.0045   
-510.0000   -0.0045   
-508.0000   -0.0042   
-506.0000   0.0014   
-504.0000   0.0083   
-502.0000   0.0083   
-500.0000   0.0061   
-498.0000   0.0047   
-496.0000   -0.0001   
-494.0000   -0.0060   
-492.0000   -0.0088   
-490.0000   -0.0081   
-488.0000   -0.0045   
-486.0000   0.0011   
-484.0000   0.0070   
-482.0000   0.0066   
-480.0000   -0.0020   
-478.0000   -0.0063   
-476.0000   0.0008   
-474.0000   0.0067   
-472.0000   0.0013   
-470.0000   -0.0067   
-468.0000   -0.0079   
-466.0000   -0.0030   
-464.0000   0.0038   
-462.0000   0.0079   
-460.0000   0.0064   
-458.0000   0.0027   
-456.0000   0.0008   
-454.0000   -0.0005   
-452.0000   -0.0030   
-450.0000   -0.0035   
-448.0000   -0.0000   
-446.0000   0.0021   
-444.0000   0.0007   
-442.0000   -0.0016   
-440.0000   -0.0011   
-438.0000   0.0018   
-436.0000   0.0014   
-434.0000   -0.0021   
-432.0000   -0.0025   
-430.0000   -0.0002   
-428.0000   0.0026   
-426.0000   0.0027   
-424.0000   0.0007   
-422.0000   -0.0015   
-420.0000   -0.0024   
-418.0000   -0.0025   
-416.0000   -0.0018   
-414.0000   0.0013   
-412.0000   0.0033   
-410.0000   0.0006   
-408.0000   -0.0044   
-406.0000   -0.0015   
-404.0000   0.0055   
-402.0000   0.0054   
-400.0000   0.0005   
-398.0000   -0.0048   
-396.0000   -0.0071   
-394.0000   -0.0071   
-392.0000   -0.0033   
-390.0000   0.0045   
-388.0000   0.0081   
-386.0000   -0.0005   
-384.0000   -0.0086   
-382.0000   -0.0027   
-380.0000   0.0087   
-378.0000   0.0083   
-376.0000   -0.0037   
-374.0000   -0.0071   
-372.0000   0.0016   
-370.0000   0.0054   
-368.0000   0.0009   
-366.0000   -0.0043   
-364.0000   -0.0015   
-362.0000   0.0041   
-360.0000   0.0050   
-358.0000   0.0002   
-356.0000   -0.0064   
-354.0000   -0.0042   
-352.0000   0.0038   
-350.0000   0.0082   
-348.0000   -0.0015   
-346.0000   -0.0087   
-344.0000   0.0007   
-342.0000   0.0091   
-340.0000   0.0049   
-338.0000   -0.0039   
-336.0000   -0.0107   
-334.0000   -0.0116   
-332.0000   -0.0073   
-330.0000   0.0002   
-328.0000   0.0084   
-326.0000   0.0147   
-324.0000   0.0140   
-322.0000   0.0024   
-320.0000   -0.0118   
-318.0000   -0.0141   
-316.0000   -0.0024   
-314.0000   0.0117   
-312.0000   0.0092   
-310.0000   -0.0024   
-308.0000   -0.0068   
-306.0000   -0.0038   
-304.0000   0.0010   
-302.0000   0.0036   
-300.0000   0.0029   
-298.0000   0.0010   
-296.0000   -0.0009   
-294.0000   -0.0025   
-292.0000   -0.0024   
-290.0000   -0.0005   
-288.0000   0.0016   
-286.0000   0.0020   
-284.0000   -0.0005   
-282.0000   -0.0016   
-280.0000   0.0013   
-278.0000   0.0024   
-276.0000   -0.0022   
-274.0000   -0.0057   
-272.0000   0.0015   
-270.0000   0.0119   
-268.0000   0.0138   
-266.0000   -0.0004   
-264.0000   -0.0180   
-262.0000   -0.0061   
-260.0000   0.0187   
-258.0000   0.0167   
-256.0000   -0.0023   
-254.0000   -0.0133   
-252.0000   -0.0025   
-250.0000   0.0077   
-248.0000   0.0050   
-246.0000   0.0008   
-244.0000   -0.0013   
-242.0000   -0.0011   
-240.0000   0.0010   
-238.0000   -0.0000   
-236.0000   -0.0071   
-234.0000   -0.0080   
-232.0000   0.0063   
-230.0000   0.0156   
-228.0000   -0.0032   
-226.0000   -0.0220   
-224.0000   -0.0076   
-222.0000   0.0233   
-220.0000   0.0096   
-218.0000   -0.0185   
-216.0000   -0.0051   
-214.0000   0.0103   
-212.0000   -0.0006   
-210.0000   -0.0037   
-208.0000   0.0026   
-206.0000   -0.0033   
-204.0000   -0.0011   
-202.0000   0.0082   
-200.0000   -0.0039   
-198.0000   -0.0141   
-196.0000   0.0020   
-194.0000   0.0178   
-192.0000   0.0114   
-190.0000   -0.0058   
-188.0000   -0.0175   
-186.0000   -0.0159   
-184.0000   0.0001   
-182.0000   0.0131   
-180.0000   0.0072   
-178.0000   -0.0066   
-176.0000   -0.0096   
-174.0000   -0.0068   
-172.0000   -0.0039   
-170.0000   -0.0006   
-168.0000   0.0051   
-166.0000   0.0131   
-164.0000   0.0150   
-162.0000   0.0039   
-160.0000   -0.0123   
-158.0000   -0.0224   
-156.0000   -0.0143   
-154.0000   0.0137   
-152.0000   0.0283   
-150.0000   0.0194   
-148.0000   0.0168   
-146.0000   0.0146   
-144.0000   -0.0075   
-142.0000   -0.0227   
-140.0000   -0.0041   
-138.0000   0.0142   
-136.0000   0.0014   
-134.0000   -0.0067   
-132.0000   0.0057   
-130.0000   -0.0001   
-128.0000   -0.0108   
-126.0000   0.0038   
-124.0000   0.0211   
-122.0000   0.0156   
-120.0000   -0.0207   
-118.0000   -0.0314   
-116.0000   0.0058   
-114.0000   0.0288   
-112.0000   0.0123   
-110.0000   -0.0101   
-108.0000   -0.0154   
-106.0000   -0.0026   
-104.0000   0.0094   
-102.0000   0.0051   
-100.0000   -0.0107   
-98.0000   -0.0025   
-96.0000   0.0177   
-94.0000   0.0017   
-92.0000   -0.0252   
-90.0000   -0.0146   
-88.0000   0.0158   
-86.0000   0.0305   
-84.0000   0.0075   
-82.0000   -0.0237   
-80.0000   -0.0291   
-78.0000   0.0050   
-76.0000   0.0270   
-74.0000   0.0053   
-72.0000   -0.0230   
-70.0000   -0.0256   
-68.0000   0.0078   
-66.0000   0.0260   
-64.0000   0.0023   
-62.0000   -0.0229   
-60.0000   -0.0277   
-58.0000   -0.0169   
-56.0000   0.0052   
-54.0000   0.0292   
-52.0000   0.0283   
-50.0000   0.0050   
-48.0000   -0.0180   
-46.0000   -0.0252   
-44.0000   -0.0299   
-42.0000   -0.0118   
-40.0000   0.0297   
-38.0000   0.0219   
-36.0000   -0.0292   
-34.0000   -0.0279   
-32.0000   0.0194   
-30.0000   0.0271   
-28.0000   0.0060   
-26.0000   -0.0017   
-24.0000   -0.0185   
-22.0000   -0.0194   
-20.0000   0.0128   
-18.0000   0.0129   
-16.0000   -0.0094   
-14.0000   -0.0033   
-12.0000   0.0039   
-10.0000   -0.0032   
-8.0000   -0.0002   
-6.0000   0.0084   
-4.0000   0.0090   
-2.0000   -0.0039   
0.0000   -0.0154   
2.0000   -0.0136   
4.0000   0.0054   
6.0000   0.0210   
8.0000   0.0107   
10.0000   -0.0166   
12.0000   -0.0186   
14.0000   0.0094   
16.0000   0.0144   
18.0000   -0.0068   
20.0000   -0.0111   
22.0000   0.0010   
24.0000   0.0103   
26.0000   0.0034   
28.0000   -0.0069   
30.0000   -0.0123   
32.0000   -0.0149   
34.0000   -0.0169   
36.0000   -0.0137   
38.0000   -0.0008   
40.0000   0.0165   
42.0000   0.0216   
44.0000   0.0027   
46.0000   -0.0213   
48.0000   -0.0208   
50.0000   -0.0018   
52.0000   0.0176   
54.0000   0.0129   
56.0000   -0.0057   
58.0000   -0.0135   
60.0000   -0.0076   
62.0000   0.0052   
64.0000   0.0119   
66.0000   0.0014   
68.0000   -0.0124   
70.0000   -0.0100   
72.0000   0.0115   
74.0000   0.0136   
76.0000   -0.0066   
78.0000   -0.0134   
80.0000   -0.0042   
82.0000   0.0074   
84.0000   0.0109   
86.0000   0.0109   
88.0000   0.0084   
90.0000   0.0026   
92.0000   -0.0067   
94.0000   -0.0100   
96.0000   0.0003   
98.0000   0.0114   
100.0000   0.0020   
102.0000   -0.0147   
104.0000   -0.0149   
106.0000   -0.0019   
108.0000   0.0118   
110.0000   0.0176   
112.0000   0.0144   
114.0000   0.0050   
116.0000   -0.0074   
118.0000   -0.0174   
120.0000   -0.0137   
122.0000   0.0015   
124.0000   0.0146   
126.0000   0.0139   
128.0000   0.0039   
130.0000   -0.0064   
132.0000   -0.0093   
134.0000   -0.0027   
136.0000   0.0066   
138.0000   0.0038   
140.0000   -0.0044   
142.0000   -0.0015   
144.0000   0.0032   
146.0000   -0.0020   
148.0000   -0.0040   
150.0000   0.0045   
152.0000   0.0068   
154.0000   -0.0014   
156.0000   -0.0106   
158.0000   -0.0090   
160.0000   0.0068   
162.0000   0.0143   
164.0000   0.0055   
166.0000   -0.0135   
168.0000   -0.0082   
170.0000   0.0103   
172.0000   0.0096   
174.0000   -0.0007   
176.0000   -0.0060   
178.0000   0.0007   
180.0000   0.0061   
182.0000   -0.0015   
184.0000   -0.0087   
186.0000   -0.0022   
188.0000   0.0114   
190.0000   0.0045   
192.0000   -0.0112   
194.0000   -0.0127   
196.0000   -0.0081   
198.0000   -0.0018   
200.0000   0.0048   
202.0000   0.0093   
204.0000   0.0073   
206.0000   -0.0019   
208.0000   -0.0065   
210.0000   -0.0029   
212.0000   0.0054   
214.0000   0.0060   
216.0000   -0.0004   
218.0000   -0.0070   
220.0000   -0.0022   
222.0000   0.0075   
224.0000   0.0091   
226.0000   0.0048   
228.0000   0.0000   
230.0000   -0.0043   
232.0000   -0.0105   
234.0000   -0.0106   
236.0000   0.0014   
238.0000   0.0097   
240.0000   -0.0029   
242.0000   -0.0079   
244.0000   0.0070   
246.0000   0.0055   
248.0000   -0.0058   
250.0000   0.0029   
252.0000   0.0067   
254.0000   -0.0067   
256.0000   -0.0091   
258.0000   0.0005   
260.0000   0.0111   
262.0000   0.0066   
264.0000   -0.0050   
266.0000   -0.0103   
268.0000   -0.0037   
270.0000   0.0052   
272.0000   0.0062   
274.0000   0.0004   
276.0000   -0.0039   
278.0000   -0.0006   
280.0000   0.0035   
282.0000   0.0029   
284.0000   -0.0016   
286.0000   -0.0056   
288.0000   -0.0021   
290.0000   0.0051   
292.0000   0.0080   
294.0000   0.0051   
296.0000   -0.0014   
298.0000   -0.0081   
300.0000   -0.0086   
302.0000   -0.0025   
304.0000   0.0043   
306.0000   0.0076   
308.0000   0.0045   
310.0000   -0.0019   
312.0000   -0.0058   
314.0000   -0.0066   
316.0000   -0.0055   
318.0000   -0.0039   
320.0000   -0.0006   
322.0000   0.0047   
324.0000   0.0070   
326.0000   0.0038   
328.0000   -0.0038   
330.0000   -0.0072   
332.0000   -0.0031   
334.0000   0.0061   
336.0000   0.0064   
338.0000   -0.0021   
340.0000   -0.0052   
342.0000   -0.0045   
344.0000   -0.0042   
346.0000   -0.0028   
348.0000   -0.0024   
350.0000   -0.0013   
352.0000   0.0007   
354.0000   0.0008   
356.0000   -0.0003   
358.0000   -0.0008   
360.0000   -0.0006   
362.0000   -0.0001   
364.0000   0.0006   
366.0000   0.0019   
368.0000   0.0035   
370.0000   0.0026   
372.0000   -0.0011   
374.0000   -0.0049   
376.0000   -0.0015   
378.0000   0.0048   
380.0000   0.0043   
382.0000   -0.0004   
384.0000   -0.0034   
386.0000   -0.0018   
388.0000   0.0007   
390.0000   0.0021   
392.0000   0.0017   
394.0000   0.0004   
396.0000   -0.0023   
398.0000   -0.0019   
400.0000   0.0037   
402.0000   0.0026   
404.0000   -0.0055   
406.0000   -0.0025   
408.0000   0.0068   
410.0000   0.0028   
412.0000   -0.0071   
414.0000   -0.0063   
416.0000   0.0007   
418.0000   0.0053   
420.0000   0.0053   
422.0000   0.0012   
424.0000   -0.0032   
426.0000   -0.0039   
428.0000   -0.0006   
430.0000   0.0037   
432.0000   0.0037   
434.0000   -0.0025   
436.0000   -0.0046   
438.0000   0.0010   
440.0000   0.0052   
442.0000   0.0039   
444.0000   -0.0030   
446.0000   -0.0053   
448.0000   0.0012   
450.0000   0.0044   
452.0000   -0.0007   
454.0000   -0.0033   
456.0000   -0.0007   
458.0000   0.0028   
460.0000   0.0018   
462.0000   -0.0035   
464.0000   -0.0008   
466.0000   0.0051   
468.0000   -0.0001   
470.0000   -0.0065   
472.0000   -0.0060   
474.0000   -0.0008   
476.0000   0.0031   
478.0000   0.0078   
480.0000   0.0051   
482.0000   -0.0061   
484.0000   -0.0079   
486.0000   -0.0009   
488.0000   0.0048   
490.0000   0.0081   
492.0000   0.0007   
494.0000   -0.0083   
496.0000   -0.0023   
498.0000   0.0064   
500.0000   0.0083   
502.0000   0.0069   
504.0000   -0.0007   
506.0000   -0.0075   
508.0000   -0.0041   
510.0000   0.0070   
512.0000   0.0058   
514.0000   -0.0038   
516.0000   -0.0070   
518.0000   -0.0052   
520.0000   0.0003   
522.0000   0.0067   
524.0000   0.0086   
526.0000   0.0016   
528.0000   -0.0093   
530.0000   -0.0053   
532.0000   0.0096   
534.0000   0.0065   
536.0000   -0.0092   
538.0000   -0.0090   
540.0000   0.0038   
542.0000   0.0079   
544.0000   0.0008   
546.0000   -0.0067   
548.0000   -0.0044   
550.0000   0.0042   
552.0000   0.0053   
554.0000   -0.0017   
556.0000   -0.0048   
558.0000   -0.0011   
560.0000   0.0041   
562.0000   0.0049   
564.0000   0.0011   
566.0000   -0.0036   
568.0000   -0.0054   
570.0000   -0.0023   
572.0000   0.0016   
574.0000   0.0030   
576.0000   0.0035   
578.0000   0.0053   
580.0000   0.0056   
582.0000   0.0021   
584.0000   -0.0029   
586.0000   -0.0051   
588.0000   -0.0033   
590.0000   0.0016   
592.0000   0.0042   
594.0000   0.0019   
596.0000   -0.0019   
598.0000   -0.0031   
600.0000   0.0001   
602.0000   0.0022   
604.0000   -0.0001   
606.0000   -0.0016   
608.0000   0.0002   
610.0000   0.0014   
612.0000   0.0006   
614.0000   -0.0020   
616.0000   -0.0023   
618.0000   0.0022   
620.0000   0.0030   
622.0000   -0.0026   
624.0000   -0.0033   
626.0000   0.0007   
628.0000   0.0032   
630.0000   0.0033   
632.0000   -0.0009   
634.0000   -0.0035   
636.0000   0.0008   
638.0000   0.0043   
640.0000   -0.0004   
642.0000   -0.0053   
644.0000   -0.0003   
646.0000   0.0059   
648.0000   0.0047   
650.0000   -0.0007   
652.0000   -0.0051   
654.0000   -0.0062   
656.0000   -0.0035   
658.0000   0.0023   
660.0000   0.0070   
662.0000   0.0067   
664.0000   0.0044   
666.0000   0.0033   
668.0000   0.0013   
670.0000   -0.0026   
672.0000   -0.0064   
674.0000   -0.0086   
676.0000   -0.0104   
678.0000   -0.0121   
680.0000   -0.0072   
682.0000   0.0067   
684.0000   0.0127   
686.0000   0.0015   
688.0000   -0.0115   
690.0000   -0.0117   
692.0000   0.0009   
694.0000   0.0089   
696.0000   0.0091   
698.0000   0.0060   
700.0000   0.0040   
702.0000   -0.0032   
704.0000   -0.0048   
706.0000   0.0040   
708.0000   0.0039   
710.0000   -0.0027   
712.0000   -0.0019   
714.0000   0.0018   
716.0000   0.0013   
718.0000   -0.0015   
720.0000   -0.0002   
722.0000   0.0019   
724.0000   0.0003   
726.0000   -0.0030   
728.0000   -0.0030   
730.0000   0.0013   
732.0000   0.0043   
734.0000   0.0014   
736.0000   -0.0046   
738.0000   -0.0020   
740.0000   0.0046   
742.0000   0.0029   
744.0000   -0.0022   
746.0000   -0.0044   
748.0000   -0.0004   
750.0000   0.0033   
752.0000   0.0038   
754.0000   0.0003   
756.0000   -0.0032   
758.0000   -0.0026   
760.0000   0.0015   
762.0000   0.0032   
764.0000   -0.0011   
766.0000   -0.0048   
768.0000   0.0002   
770.0000   0.0071   
772.0000   0.0053   
774.0000   -0.0020   
776.0000   -0.0084   
778.0000   -0.0082   
780.0000   0.0013   
782.0000   0.0061   
784.0000   0.0012   
786.0000   -0.0045   
788.0000   -0.0038   
790.0000   0.0050   
792.0000   0.0051   
794.0000   -0.0053   
796.0000   -0.0083   
798.0000   -0.0040   
800.0000   0.0046   
802.0000   0.0095   
804.0000   0.0040   
806.0000   -0.0043   
808.0000   -0.0064   
810.0000   0.0008   
812.0000   0.0038   
814.0000   -0.0008   
816.0000   -0.0024   
818.0000   -0.0002   
820.0000   0.0024   
822.0000   0.0013   
824.0000   -0.0032   
826.0000   -0.0029   
828.0000   0.0019   
830.0000   0.0059   
832.0000   0.0011   
834.0000   -0.0090   
836.0000   -0.0045   
838.0000   0.0130   
840.0000   0.0111   
842.0000   -0.0129   
844.0000   -0.0201   
846.0000   0.0057   
848.0000   0.0254   
850.0000   0.0058   
852.0000   -0.0246   
854.0000   -0.0327   
856.0000   -0.0210   
858.0000   -0.0013   
860.0000   0.0187   
862.0000   0.0345   
864.0000   0.0316   
866.0000   0.0076   
868.0000   -0.0149   
870.0000   -0.0223   
872.0000   -0.0088   
874.0000   0.0128   
876.0000   0.0116   
878.0000   -0.0051   
880.0000   -0.0011   
882.0000   0.0035   
884.0000   -0.0066   
886.0000   -0.0092   
888.0000   -0.0031   
890.0000   0.0070   
892.0000   0.0183   
894.0000   0.0296   
896.0000   0.0400   
898.0000   0.0463   
900.0000   0.0349   
902.0000   -0.0024   
904.0000   -0.0409   
906.0000   -0.0623   
908.0000   -0.0607   
910.0000   -0.0547   
912.0000   -0.0393   
914.0000   -0.0071   
916.0000   0.0338   
918.0000   0.0642   
920.0000   0.0629   
922.0000   0.0237   
924.0000   -0.0336   
926.0000   -0.0674   
928.0000   -0.0143   
930.0000   0.0736   
932.0000   0.0751   
934.0000   0.0017   
936.0000   -0.0787   
938.0000   -0.0720   
940.0000   -0.0103   
942.0000   0.0309   
944.0000   0.0329   
946.0000   0.0630   
948.0000   0.0471   
950.0000   -0.0473   
952.0000   -0.0288   
954.0000   0.0338   
956.0000   -0.0022   
958.0000   -0.0314   
960.0000   -0.0139   
962.0000   0.0318   
964.0000   0.0481   
966.0000   -0.0102   
968.0000   -0.0633   
970.0000   -0.0491   
972.0000   0.0070   
974.0000   0.0630   
976.0000   0.0837   
978.0000   0.0585   
980.0000   -0.0068   
982.0000   -0.0722   
984.0000   -0.0903   
986.0000   -0.0341   
988.0000   0.0501   
990.0000   0.0914   
992.0000   0.0298   
994.0000   -0.0583   
996.0000   -0.0920   
998.0000   -0.0897   
1000.0000   -0.0809   
