-1000.0000   0.825524
-998.0000   0.840179
-996.0000   0.847330
-994.0000   0.843606
-992.0000   0.827519
-990.0000   0.798890
-988.0000   0.760975
-986.0000   0.720334
-984.0000   0.683273
-982.0000   0.656563
-980.0000   0.647160
-978.0000   0.659261
-976.0000   0.686022
-974.0000   0.717838
-972.0000   0.745515
-970.0000   0.761940
-968.0000   0.762133
-966.0000   0.741547
-964.0000   0.697724
-962.0000   0.638120
-960.0000   0.578042
-958.0000   0.531592
-956.0000   0.507862
-954.0000   0.512083
-952.0000   0.538657
-950.0000   0.579280
-948.0000   0.625649
-946.0000   0.669541
-944.0000   0.703065
-942.0000   0.719619
-940.0000   0.717424
-938.0000   0.695911
-936.0000   0.656513
-934.0000   0.608679
-932.0000   0.563860
-930.0000   0.531570
-928.0000   0.513561
-926.0000   0.509645
-924.0000   0.517929
-922.0000   0.529698
-920.0000   0.536406
-918.0000   0.537019
-916.0000   0.532378
-914.0000   0.523546
-912.0000   0.512474
-910.0000   0.501332
-908.0000   0.492293
-906.0000   0.486874
-904.0000   0.483974
-902.0000   0.481839
-900.0000   0.478994
-898.0000   0.475087
-896.0000   0.470058
-894.0000   0.463856
-892.0000   0.456576
-890.0000   0.448908
-888.0000   0.441695
-886.0000   0.435589
-884.0000   0.430475
-882.0000   0.425956
-880.0000   0.421612
-878.0000   0.417023
-876.0000   0.411797
-874.0000   0.405656
-872.0000   0.398350
-870.0000   0.389631
-868.0000   0.379582
-866.0000   0.369582
-864.0000   0.361327
-862.0000   0.356517
-860.0000   0.356165
-858.0000   0.358548
-856.0000   0.361087
-854.0000   0.360517
-852.0000   0.354250
-850.0000   0.343470
-848.0000   0.331491
-846.0000   0.321095
-844.0000   0.313919
-842.0000   0.310659
-840.0000   0.309223
-838.0000   0.306827
-836.0000   0.301410
-834.0000   0.293810
-832.0000   0.285586
-830.0000   0.278171
-828.0000   0.272465
-826.0000   0.269114
-824.0000   0.267801
-822.0000   0.266255
-820.0000   0.262229
-818.0000   0.255403
-816.0000   0.246168
-814.0000   0.235812
-812.0000   0.225846
-810.0000   0.217623
-808.0000   0.211530
-806.0000   0.206536
-804.0000   0.201359
-802.0000   0.194985
-800.0000   0.186698
-798.0000   0.176925
-796.0000   0.167192
-794.0000   0.159270
-792.0000   0.153823
-790.0000   0.147026
-788.0000   0.134040
-786.0000   0.112892
-784.0000   0.090989
-782.0000   0.075947
-780.0000   0.073658
-778.0000   0.084345
-776.0000   0.103024
-774.0000   0.123892
-772.0000   0.142576
-770.0000   0.157526
-768.0000   0.167994
-766.0000   0.174429
-764.0000   0.179258
-762.0000   0.185195
-760.0000   0.193739
-758.0000   0.203876
-756.0000   0.214047
-754.0000   0.223369
-752.0000   0.231137
-750.0000   0.236935
-748.0000   0.241513
-746.0000   0.245911
-744.0000   0.250942
-742.0000   0.256505
-740.0000   0.262278
-738.0000   0.267979
-736.0000   0.273445
-734.0000   0.278809
-732.0000   0.284279
-730.0000   0.290020
-728.0000   0.296039
-726.0000   0.302306
-724.0000   0.308787
-722.0000   0.315450
-720.0000   0.322263
-718.0000   0.329147
-716.0000   0.335832
-714.0000   0.342001
-712.0000   0.347461
-710.0000   0.352520
-708.0000   0.357623
-706.0000   0.363150
-704.0000   0.369306
-702.0000   0.375678
-700.0000   0.381802
-698.0000   0.387649
-696.0000   0.393299
-694.0000   0.398837
-692.0000   0.404412
-690.0000   0.410292
-688.0000   0.416611
-686.0000   0.422850
-684.0000   0.428471
-682.0000   0.433644
-680.0000   0.439200
-678.0000   0.445827
-676.0000   0.452902
-674.0000   0.459560
-672.0000   0.465275
-670.0000   0.469678
-668.0000   0.472996
-666.0000   0.476808
-664.0000   0.482593
-662.0000   0.490148
-660.0000   0.498727
-658.0000   0.507015
-656.0000   0.513780
-654.0000   0.519533
-652.0000   0.525113
-650.0000   0.530850
-648.0000   0.536951
-646.0000   0.543503
-644.0000   0.550111
-642.0000   0.556261
-640.0000   0.561438
-638.0000   0.565434
-636.0000   0.569268
-634.0000   0.574030
-632.0000   0.579882
-630.0000   0.586726
-628.0000   0.594122
-626.0000   0.600946
-624.0000   0.607093
-622.0000   0.612809
-620.0000   0.618457
-618.0000   0.624325
-616.0000   0.630675
-614.0000   0.637615
-612.0000   0.644629
-610.0000   0.651188
-608.0000   0.657332
-606.0000   0.663235
-604.0000   0.669066
-602.0000   0.675034
-600.0000   0.681360
-598.0000   0.688171
-596.0000   0.695223
-594.0000   0.702176
-592.0000   0.708692
-590.0000   0.714543
-588.0000   0.719951
-586.0000   0.725254
-584.0000   0.730786
-582.0000   0.736770
-580.0000   0.743397
-578.0000   0.750710
-576.0000   0.758174
-574.0000   0.765277
-572.0000   0.772196
-570.0000   0.779227
-568.0000   0.786445
-566.0000   0.793869
-564.0000   0.801307
-562.0000   0.807923
-560.0000   0.813569
-558.0000   0.818567
-556.0000   0.823408
-554.0000   0.828716
-552.0000   0.835023
-550.0000   0.842319
-548.0000   0.850216
-546.0000   0.858264
-544.0000   0.866086
-542.0000   0.873596
-540.0000   0.880780
-538.0000   0.887631
-536.0000   0.894172
-534.0000   0.900432
-532.0000   0.906452
-530.0000   0.912327
-528.0000   0.918212
-526.0000   0.924418
-524.0000   0.931121
-522.0000   0.938452
-520.0000   0.946457
-518.0000   0.954816
-516.0000   0.963000
-514.0000   0.970567
-512.0000   0.977207
-510.0000   0.982653
-508.0000   0.986642
-506.0000   0.988912
-504.0000   0.989201
-502.0000   0.987350
-500.0000   0.983639
-498.0000   0.978525
-496.0000   0.972489
-494.0000   0.966008
-492.0000   0.959561
-490.0000   0.953526
-488.0000   0.947862
-486.0000   0.942349
-484.0000   0.936774
-482.0000   0.930932
-480.0000   0.924594
-478.0000   0.917508
-476.0000   0.909614
-474.0000   0.901639
-472.0000   0.894354
-470.0000   0.887904
-468.0000   0.882284
-466.0000   0.877384
-464.0000   0.872577
-462.0000   0.867101
-460.0000   0.860397
-458.0000   0.852767
-456.0000   0.844729
-454.0000   0.836799
-452.0000   0.829495
-450.0000   0.823335
-448.0000   0.818677
-446.0000   0.815246
-444.0000   0.812483
-442.0000   0.809209
-440.0000   0.804034
-438.0000   0.796896
-436.0000   0.788243
-434.0000   0.779118
-432.0000   0.770713
-430.0000   0.763924
-428.0000   0.758464
-426.0000   0.753752
-424.0000   0.749250
-422.0000   0.744611
-420.0000   0.739529
-418.0000   0.733703
-416.0000   0.726892
-414.0000   0.719291
-412.0000   0.711916
-410.0000   0.705779
-408.0000   0.701135
-406.0000   0.697847
-404.0000   0.694982
-402.0000   0.691433
-400.0000   0.686433
-398.0000   0.680130
-396.0000   0.672898
-394.0000   0.665108
-392.0000   0.657205
-390.0000   0.649943
-388.0000   0.644162
-386.0000   0.640207
-384.0000   0.637209
-382.0000   0.634061
-380.0000   0.629846
-378.0000   0.624069
-376.0000   0.617711
-374.0000   0.612126
-372.0000   0.608261
-370.0000   0.605440
-368.0000   0.602523
-366.0000   0.598138
-364.0000   0.591412
-362.0000   0.583687
-360.0000   0.576667
-358.0000   0.571181
-356.0000   0.567448
-354.0000   0.565285
-352.0000   0.563322
-350.0000   0.559889
-348.0000   0.553869
-346.0000   0.546352
-344.0000   0.538945
-342.0000   0.533124
-340.0000   0.529863
-338.0000   0.528253
-336.0000   0.526917
-334.0000   0.524634
-332.0000   0.520914
-330.0000   0.515800
-328.0000   0.509427
-326.0000   0.501954
-324.0000   0.493766
-322.0000   0.485828
-320.0000   0.479242
-318.0000   0.475112
-316.0000   0.474063
-314.0000   0.474813
-312.0000   0.475667
-310.0000   0.475237
-308.0000   0.472436
-306.0000   0.466686
-304.0000   0.459210
-302.0000   0.451658
-300.0000   0.445322
-298.0000   0.440404
-296.0000   0.436840
-294.0000   0.434533
-292.0000   0.433104
-290.0000   0.431559
-288.0000   0.428791
-286.0000   0.423778
-284.0000   0.416503
-282.0000   0.408871
-280.0000   0.403141
-278.0000   0.401128
-276.0000   0.403414
-274.0000   0.407092
-272.0000   0.409194
-270.0000   0.408595
-268.0000   0.404769
-266.0000   0.398168
-264.0000   0.390754
-262.0000   0.384327
-260.0000   0.378710
-258.0000   0.373365
-256.0000   0.368307
-254.0000   0.363688
-252.0000   0.359709
-250.0000   0.356769
-248.0000   0.355180
-246.0000   0.354708
-244.0000   0.354980
-242.0000   0.355489
-240.0000   0.355175
-238.0000   0.352916
-236.0000   0.347786
-234.0000   0.338551
-232.0000   0.325180
-230.0000   0.312515
-228.0000   0.304946
-226.0000   0.304780
-224.0000   0.312207
-222.0000   0.320710
-220.0000   0.323719
-218.0000   0.321159
-216.0000   0.314892
-214.0000   0.308044
-212.0000   0.303253
-210.0000   0.299952
-208.0000   0.297088
-206.0000   0.294575
-204.0000   0.291738
-202.0000   0.288946
-200.0000   0.287516
-198.0000   0.287946
-196.0000   0.289938
-194.0000   0.291060
-192.0000   0.289084
-190.0000   0.284724
-188.0000   0.279432
-186.0000   0.274496
-184.0000   0.270514
-182.0000   0.267767
-180.0000   0.266274
-178.0000   0.265163
-176.0000   0.263339
-174.0000   0.259960
-172.0000   0.255185
-170.0000   0.249424
-168.0000   0.243089
-166.0000   0.236704
-164.0000   0.231250
-162.0000   0.227559
-160.0000   0.225429
-158.0000   0.224402
-156.0000   0.224012
-154.0000   0.223763
-152.0000   0.223152
-150.0000   0.221866
-148.0000   0.220367
-146.0000   0.219309
-144.0000   0.219344
-142.0000   0.221128
-140.0000   0.224363
-138.0000   0.224946
-136.0000   0.219457
-134.0000   0.210994
-132.0000   0.205070
-130.0000   0.207500
-128.0000   0.213528
-126.0000   0.216654
-124.0000   0.214745
-122.0000   0.207772
-120.0000   0.199772
-118.0000   0.195797
-116.0000   0.198862
-114.0000   0.203848
-112.0000   0.204903
-110.0000   0.201396
-108.0000   0.194000
-106.0000   0.184354
-104.0000   0.177955
-102.0000   0.179175
-100.0000   0.184026
-98.0000   0.187193
-96.0000   0.186409
-94.0000   0.181206
-92.0000   0.175268
-90.0000   0.172275
-88.0000   0.171758
-86.0000   0.172207
-84.0000   0.172316
-82.0000   0.171572
-80.0000   0.169664
-78.0000   0.166588
-76.0000   0.163564
-74.0000   0.161782
-72.0000   0.161075
-70.0000   0.160940
-68.0000   0.160872
-66.0000   0.160364
-64.0000   0.159055
-62.0000   0.157160
-60.0000   0.155039
-58.0000   0.153038
-56.0000   0.151447
-54.0000   0.150543
-52.0000   0.150491
-50.0000   0.151010
-48.0000   0.151709
-46.0000   0.152196
-44.0000   0.152079
-42.0000   0.150939
-40.0000   0.148246
-38.0000   0.143660
-36.0000   0.137698
-34.0000   0.131251
-32.0000   0.125782
-30.0000   0.122654
-28.0000   0.122783
-26.0000   0.125541
-24.0000   0.129916
-22.0000   0.134780
-20.0000   0.138276
-18.0000   0.137626
-16.0000   0.132020
-14.0000   0.124822
-12.0000   0.119741
-10.0000   0.118938
-8.0000   0.118640
-6.0000   0.117182
-4.0000   0.114300
-2.0000   0.111451
0.0000   0.110416
2.0000   0.112257
4.0000   0.115279
6.0000   0.117095
8.0000   0.115940
10.0000   0.112526
12.0000   0.108189
14.0000   0.104191
16.0000   0.101524
18.0000   0.100737
20.0000   0.100889
22.0000   0.100925
24.0000   0.100812
26.0000   0.100682
28.0000   0.100299
30.0000   0.099337
32.0000   0.097468
34.0000   0.094366
36.0000   0.089735
38.0000   0.083527
40.0000   0.076223
42.0000   0.068435
44.0000   0.061014
46.0000   0.055638
48.0000   0.053873
50.0000   0.055810
52.0000   0.060382
54.0000   0.066318
56.0000   0.072359
58.0000   0.077177
60.0000   0.079914
62.0000   0.081643
64.0000   0.083924
66.0000   0.087953
68.0000   0.093478
70.0000   0.099752
72.0000   0.105510
74.0000   0.109358
76.0000   0.110371
78.0000   0.109507
80.0000   0.108057
82.0000   0.106768
84.0000   0.106249
86.0000   0.107112
88.0000   0.109783
90.0000   0.113879
92.0000   0.118509
94.0000   0.122706
96.0000   0.125798
98.0000   0.128195
100.0000   0.130533
102.0000   0.133260
104.0000   0.136740
106.0000   0.141011
108.0000   0.145394
110.0000   0.149041
112.0000   0.151300
114.0000   0.152303
116.0000   0.152376
118.0000   0.151846
120.0000   0.151083
122.0000   0.150625
124.0000   0.151051
126.0000   0.152875
128.0000   0.156266
130.0000   0.161024
132.0000   0.166805
134.0000   0.172913
136.0000   0.178262
138.0000   0.181801
140.0000   0.183084
142.0000   0.182499
144.0000   0.181328
146.0000   0.180846
148.0000   0.181516
150.0000   0.183594
152.0000   0.187301
154.0000   0.192589
156.0000   0.198361
158.0000   0.203404
160.0000   0.207100
162.0000   0.208981
164.0000   0.209011
166.0000   0.208884
168.0000   0.210179
170.0000   0.212274
172.0000   0.213945
174.0000   0.214084
176.0000   0.212849
178.0000   0.211278
180.0000   0.212600
182.0000   0.219437
184.0000   0.229853
186.0000   0.240847
188.0000   0.249152
190.0000   0.252369
192.0000   0.251894
194.0000   0.250068
196.0000   0.248881
198.0000   0.248910
200.0000   0.250379
202.0000   0.253513
204.0000   0.258441
206.0000   0.264657
208.0000   0.270538
210.0000   0.274714
212.0000   0.277181
214.0000   0.278329
216.0000   0.278859
218.0000   0.279768
220.0000   0.281884
222.0000   0.285138
224.0000   0.289234
226.0000   0.293920
228.0000   0.299132
230.0000   0.304850
232.0000   0.310893
234.0000   0.316451
236.0000   0.320771
238.0000   0.323825
240.0000   0.325952
242.0000   0.328220
244.0000   0.331276
246.0000   0.333483
248.0000   0.333429
250.0000   0.331413
252.0000   0.330998
254.0000   0.335456
256.0000   0.343700
258.0000   0.353061
260.0000   0.360443
262.0000   0.363590
264.0000   0.363924
266.0000   0.363783
268.0000   0.365093
270.0000   0.368125
272.0000   0.372737
274.0000   0.378516
276.0000   0.383977
278.0000   0.387867
280.0000   0.390943
282.0000   0.394360
284.0000   0.398780
286.0000   0.404449
288.0000   0.411328
290.0000   0.418544
292.0000   0.425012
294.0000   0.429857
296.0000   0.433109
298.0000   0.435292
300.0000   0.437007
302.0000   0.438821
304.0000   0.441158
306.0000   0.444402
308.0000   0.448826
310.0000   0.454216
312.0000   0.460093
314.0000   0.465961
316.0000   0.471505
318.0000   0.476681
320.0000   0.481506
322.0000   0.485996
324.0000   0.490169
326.0000   0.494069
328.0000   0.497874
330.0000   0.501853
332.0000   0.506217
334.0000   0.510902
336.0000   0.515774
338.0000   0.520721
340.0000   0.525722
342.0000   0.530784
344.0000   0.535917
346.0000   0.541133
348.0000   0.546442
350.0000   0.551858
352.0000   0.557390
354.0000   0.563052
356.0000   0.568806
358.0000   0.574407
360.0000   0.579546
362.0000   0.584133
364.0000   0.588164
366.0000   0.591748
368.0000   0.595102
370.0000   0.598708
372.0000   0.602901
374.0000   0.607958
376.0000   0.613982
378.0000   0.620368
380.0000   0.626467
382.0000   0.632182
384.0000   0.637597
386.0000   0.642826
388.0000   0.648047
390.0000   0.653461
392.0000   0.659198
394.0000   0.665081
396.0000   0.670670
398.0000   0.675631
400.0000   0.680305
402.0000   0.685268
404.0000   0.690829
406.0000   0.697060
408.0000   0.703408
410.0000   0.709337
412.0000   0.715015
414.0000   0.720736
416.0000   0.726632
418.0000   0.732793
420.0000   0.739293
422.0000   0.746092
424.0000   0.752990
426.0000   0.759746
428.0000   0.766192
430.0000   0.772441
432.0000   0.778624
434.0000   0.784680
436.0000   0.790527
438.0000   0.796154
440.0000   0.801675
442.0000   0.807250
444.0000   0.813094
446.0000   0.819427
448.0000   0.826333
450.0000   0.833341
452.0000   0.839994
454.0000   0.846462
456.0000   0.853054
458.0000   0.860021
460.0000   0.867353
462.0000   0.874064
464.0000   0.879312
466.0000   0.883560
468.0000   0.887662
470.0000   0.892732
472.0000   0.899680
474.0000   0.908254
476.0000   0.917634
478.0000   0.926923
480.0000   0.935323
482.0000   0.942469
484.0000   0.948267
486.0000   0.952893
488.0000   0.957211
490.0000   0.962250
492.0000   0.968705
494.0000   0.975928
496.0000   0.982868
498.0000   0.988192
500.0000   0.990494
502.0000   0.988833
504.0000   0.984117
506.0000   0.977716
508.0000   0.970910
510.0000   0.964640
512.0000   0.959557
514.0000   0.955192
516.0000   0.950561
518.0000   0.944823
520.0000   0.937969
522.0000   0.930197
524.0000   0.921704
526.0000   0.912844
528.0000   0.904592
530.0000   0.897834
532.0000   0.892437
534.0000   0.887797
536.0000   0.882929
538.0000   0.876955
540.0000   0.869817
542.0000   0.861769
544.0000   0.853191
546.0000   0.844837
548.0000   0.837393
550.0000   0.830884
552.0000   0.825133
554.0000   0.819848
556.0000   0.814364
558.0000   0.808084
560.0000   0.801055
562.0000   0.793487
564.0000   0.785609
566.0000   0.777728
568.0000   0.770175
570.0000   0.763198
572.0000   0.756731
574.0000   0.750629
576.0000   0.744747
578.0000   0.738939
580.0000   0.733060
582.0000   0.727006
584.0000   0.720838
586.0000   0.714658
588.0000   0.708566
590.0000   0.702660
592.0000   0.697035
594.0000   0.691703
596.0000   0.686349
598.0000   0.680573
600.0000   0.674025
602.0000   0.666549
604.0000   0.658228
606.0000   0.649913
608.0000   0.642527
610.0000   0.636527
612.0000   0.632096
614.0000   0.628613
616.0000   0.624743
618.0000   0.619726
620.0000   0.613195
622.0000   0.605476
624.0000   0.597750
626.0000   0.591107
628.0000   0.585546
630.0000   0.580792
632.0000   0.576433
634.0000   0.571495
636.0000   0.565192
638.0000   0.558037
640.0000   0.550843
642.0000   0.544322
644.0000   0.538918
646.0000   0.534094
648.0000   0.529181
650.0000   0.523975
652.0000   0.518390
654.0000   0.512339
656.0000   0.505820
658.0000   0.499158
660.0000   0.492761
662.0000   0.486948
664.0000   0.481676
666.0000   0.476815
668.0000   0.472233
670.0000   0.467798
672.0000   0.463379
674.0000   0.458844
676.0000   0.454062
678.0000   0.448901
680.0000   0.443252
682.0000   0.437119
684.0000   0.430607
686.0000   0.423873
688.0000   0.417269
690.0000   0.411195
692.0000   0.405911
694.0000   0.401099
696.0000   0.396319
698.0000   0.391271
700.0000   0.385906
702.0000   0.380234
704.0000   0.374264
706.0000   0.368237
708.0000   0.363101
710.0000   0.359160
712.0000   0.356224
714.0000   0.353015
716.0000   0.348266
718.0000   0.341815
720.0000   0.334213
722.0000   0.326807
724.0000   0.321208
726.0000   0.317451
728.0000   0.314977
730.0000   0.312561
732.0000   0.308806
734.0000   0.302753
736.0000   0.295270
738.0000   0.287622
740.0000   0.280834
742.0000   0.275551
744.0000   0.271121
746.0000   0.266575
748.0000   0.261127
750.0000   0.254729
752.0000   0.247611
754.0000   0.240427
756.0000   0.234156
758.0000   0.229516
760.0000   0.225942
762.0000   0.222480
764.0000   0.218185
766.0000   0.212092
768.0000   0.203695
770.0000   0.194352
772.0000   0.185670
774.0000   0.178400
776.0000   0.173078
778.0000   0.169713
780.0000   0.166284
782.0000   0.160534
784.0000   0.150693
786.0000   0.136790
788.0000   0.119426
790.0000   0.100422
792.0000   0.084180
794.0000   0.073940
796.0000   0.072463
798.0000   0.081324
800.0000   0.097343
802.0000   0.116150
804.0000   0.133858
806.0000   0.148459
808.0000   0.158224
810.0000   0.162334
812.0000   0.163776
814.0000   0.165967
816.0000   0.170547
818.0000   0.178219
820.0000   0.187012
822.0000   0.194622
824.0000   0.200356
826.0000   0.204743
828.0000   0.208735
830.0000   0.214310
832.0000   0.222908
834.0000   0.232578
836.0000   0.240096
838.0000   0.243034
840.0000   0.240272
842.0000   0.234955
844.0000   0.231298
846.0000   0.232829
848.0000   0.240351
850.0000   0.253217
852.0000   0.267703
854.0000   0.279679
856.0000   0.286918
858.0000   0.289389
860.0000   0.287523
862.0000   0.281748
864.0000   0.273096
866.0000   0.264995
868.0000   0.261478
870.0000   0.266573
872.0000   0.282379
874.0000   0.303260
876.0000   0.321693
878.0000   0.330807
880.0000   0.327929
882.0000   0.319609
884.0000   0.312515
886.0000   0.309452
888.0000   0.311543
890.0000   0.317949
892.0000   0.327363
894.0000   0.338475
896.0000   0.349978
898.0000   0.360563
900.0000   0.369334
902.0000   0.377040
904.0000   0.384841
906.0000   0.393897
908.0000   0.405217
910.0000   0.418796
912.0000   0.432829
914.0000   0.445101
916.0000   0.453397
918.0000   0.455500
920.0000   0.449627
922.0000   0.436020
924.0000   0.416537
926.0000   0.393336
928.0000   0.369858
930.0000   0.354691
932.0000   0.356545
934.0000   0.378447
936.0000   0.418117
938.0000   0.470968
940.0000   0.527318
942.0000   0.576208
944.0000   0.606680
946.0000   0.607777
948.0000   0.574241
950.0000   0.523609
952.0000   0.478336
954.0000   0.457082
956.0000   0.468221
958.0000   0.491960
960.0000   0.505639
962.0000   0.502647
964.0000   0.481488
966.0000   0.447300
968.0000   0.415150
970.0000   0.399836
972.0000   0.405335
974.0000   0.429477
976.0000   0.469176
978.0000   0.520759
980.0000   0.577725
982.0000   0.631001
984.0000   0.671655
986.0000   0.694804
988.0000   0.702313
990.0000   0.697575
992.0000   0.684472
994.0000   0.668844
996.0000   0.657021
998.0000   0.654073
1000.0000   0.659765
