-1000.0000000000000   0.8255
-998.0000000000000   0.8402
-996.0000000000000   0.8473
-994.0000000000000   0.8436
-992.0000000000000   0.8275
-990.0000000000000   0.7989
-988.0000000000000   0.7610
-986.0000000000000   0.7203
-984.0000000000000   0.6833
-982.0000000000000   0.6566
-980.0000000000000   0.6472
-978.0000000000000   0.6593
-976.0000000000000   0.6860
-974.0000000000000   0.7178
-972.0000000000000   0.7455
-970.0000000000000   0.7619
-968.0000000000000   0.7621
-966.0000000000000   0.7415
-964.0000000000000   0.6977
-962.0000000000000   0.6381
-960.0000000000000   0.5780
-958.0000000000000   0.5316
-956.0000000000000   0.5079
-954.0000000000000   0.5121
-952.0000000000000   0.5387
-950.0000000000000   0.5793
-948.0000000000000   0.6256
-946.0000000000000   0.6695
-944.0000000000000   0.7031
-942.0000000000000   0.7196
-940.0000000000000   0.7174
-938.0000000000000   0.6959
-936.0000000000000   0.6565
-934.0000000000000   0.6087
-932.0000000000000   0.5639
-930.0000000000000   0.5316
-928.0000000000000   0.5136
-926.0000000000000   0.5096
-924.0000000000000   0.5179
-922.0000000000000   0.5297
-920.0000000000000   0.5364
-918.0000000000000   0.5370
-916.0000000000000   0.5324
-914.0000000000000   0.5235
-912.0000000000000   0.5125
-910.0000000000000   0.5013
-908.0000000000000   0.4923
-906.0000000000000   0.4869
-904.0000000000000   0.4840
-902.0000000000000   0.4818
-900.0000000000000   0.4790
-898.0000000000000   0.4751
-896.0000000000000   0.4701
-894.0000000000000   0.4639
-892.0000000000000   0.4566
-890.0000000000000   0.4489
-888.0000000000000   0.4417
-886.0000000000000   0.4356
-884.0000000000000   0.4305
-882.0000000000000   0.4260
-880.0000000000000   0.4216
-878.0000000000000   0.4170
-876.0000000000000   0.4118
-874.0000000000000   0.4057
-872.0000000000000   0.3984
-870.0000000000000   0.3896
-868.0000000000000   0.3796
-866.0000000000000   0.3696
-864.0000000000000   0.3613
-862.0000000000000   0.3565
-860.0000000000000   0.3562
-858.0000000000000   0.3585
-856.0000000000000   0.3611
-854.0000000000000   0.3605
-852.0000000000000   0.3543
-850.0000000000000   0.3435
-848.0000000000000   0.3315
-846.0000000000000   0.3211
-844.0000000000000   0.3139
-842.0000000000000   0.3107
-840.0000000000000   0.3092
-838.0000000000000   0.3068
-836.0000000000000   0.3014
-834.0000000000000   0.2938
-832.0000000000000   0.2856
-830.0000000000000   0.2782
-828.0000000000000   0.2725
-826.0000000000000   0.2691
-824.0000000000000   0.2678
-822.0000000000000   0.2663
-820.0000000000000   0.2622
-818.0000000000000   0.2554
-816.0000000000000   0.2462
-814.0000000000000   0.2358
-812.0000000000000   0.2258
-810.0000000000000   0.2176
-808.0000000000000   0.2115
-806.0000000000000   0.2065
-804.0000000000000   0.2014
-802.0000000000000   0.1950
-800.0000000000000   0.1867
-798.0000000000000   0.1769
-796.0000000000000   0.1672
-794.0000000000000   0.1593
-792.0000000000000   0.1538
-790.0000000000000   0.1470
-788.0000000000000   0.1340
-786.0000000000000   0.1129
-784.0000000000000   0.0910
-782.0000000000000   0.0759
-780.0000000000000   0.0737
-778.0000000000000   0.0843
-776.0000000000000   0.1030
-774.0000000000000   0.1239
-772.0000000000000   0.1426
-770.0000000000000   0.1575
-768.0000000000000   0.1680
-766.0000000000000   0.1744
-764.0000000000000   0.1793
-762.0000000000000   0.1852
-760.0000000000000   0.1937
-758.0000000000000   0.2039
-756.0000000000000   0.2140
-754.0000000000000   0.2234
-752.0000000000000   0.2311
-750.0000000000000   0.2369
-748.0000000000000   0.2415
-746.0000000000000   0.2459
-744.0000000000000   0.2509
-742.0000000000000   0.2565
-740.0000000000000   0.2623
-738.0000000000000   0.2680
-736.0000000000000   0.2734
-734.0000000000000   0.2788
-732.0000000000000   0.2843
-730.0000000000000   0.2900
-728.0000000000000   0.2960
-726.0000000000000   0.3023
-724.0000000000000   0.3088
-722.0000000000000   0.3155
-720.0000000000000   0.3223
-718.0000000000000   0.3291
-716.0000000000000   0.3358
-714.0000000000000   0.3420
-712.0000000000000   0.3475
-710.0000000000000   0.3525
-708.0000000000000   0.3576
-706.0000000000000   0.3632
-704.0000000000000   0.3693
-702.0000000000000   0.3757
-700.0000000000000   0.3818
-698.0000000000000   0.3876
-696.0000000000000   0.3933
-694.0000000000000   0.3988
-692.0000000000000   0.4044
-690.0000000000000   0.4103
-688.0000000000000   0.4166
-686.0000000000000   0.4229
-684.0000000000000   0.4285
-682.0000000000000   0.4336
-680.0000000000000   0.4392
-678.0000000000000   0.4458
-676.0000000000000   0.4529
-674.0000000000000   0.4596
-672.0000000000000   0.4653
-670.0000000000000   0.4697
-668.0000000000000   0.4730
-666.0000000000000   0.4768
-664.0000000000000   0.4826
-662.0000000000000   0.4901
-660.0000000000000   0.4987
-658.0000000000000   0.5070
-656.0000000000000   0.5138
-654.0000000000000   0.5195
-652.0000000000000   0.5251
-650.0000000000000   0.5308
-648.0000000000000   0.5370
-646.0000000000000   0.5435
-644.0000000000000   0.5501
-642.0000000000000   0.5563
-640.0000000000000   0.5614
-638.0000000000000   0.5654
-636.0000000000000   0.5693
-634.0000000000000   0.5740
-632.0000000000000   0.5799
-630.0000000000000   0.5867
-628.0000000000000   0.5941
-626.0000000000000   0.6009
-624.0000000000000   0.6071
-622.0000000000000   0.6128
-620.0000000000000   0.6185
-618.0000000000000   0.6243
-616.0000000000000   0.6307
-614.0000000000000   0.6376
-612.0000000000000   0.6446
-610.0000000000000   0.6512
-608.0000000000000   0.6573
-606.0000000000000   0.6632
-604.0000000000000   0.6691
-602.0000000000000   0.6750
-600.0000000000000   0.6814
-598.0000000000000   0.6882
-596.0000000000000   0.6952
-594.0000000000000   0.7022
-592.0000000000000   0.7087
-590.0000000000000   0.7145
-588.0000000000000   0.7200
-586.0000000000000   0.7253
-584.0000000000000   0.7308
-582.0000000000000   0.7368
-580.0000000000000   0.7434
-578.0000000000000   0.7507
-576.0000000000000   0.7582
-574.0000000000000   0.7653
-572.0000000000000   0.7722
-570.0000000000000   0.7792
-568.0000000000000   0.7864
-566.0000000000000   0.7939
-564.0000000000000   0.8013
-562.0000000000000   0.8079
-560.0000000000000   0.8136
-558.0000000000000   0.8186
-556.0000000000000   0.8234
-554.0000000000000   0.8287
-552.0000000000000   0.8350
-550.0000000000000   0.8423
-548.0000000000000   0.8502
-546.0000000000000   0.8583
-544.0000000000000   0.8661
-542.0000000000000   0.8736
-540.0000000000000   0.8808
-538.0000000000000   0.8876
-536.0000000000000   0.8942
-534.0000000000000   0.9004
-532.0000000000000   0.9065
-530.0000000000000   0.9123
-528.0000000000000   0.9182
-526.0000000000000   0.9244
-524.0000000000000   0.9311
-522.0000000000000   0.9385
-520.0000000000000   0.9465
-518.0000000000000   0.9548
-516.0000000000000   0.9630
-514.0000000000000   0.9706
-512.0000000000000   0.9772
-510.0000000000000   0.9827
-508.0000000000000   0.9866
-506.0000000000000   0.9889
-504.0000000000000   0.9892
-502.0000000000000   0.9874
-500.0000000000000   0.9836
-498.0000000000000   0.9785
-496.0000000000000   0.9725
-494.0000000000000   0.9660
-492.0000000000000   0.9596
-490.0000000000000   0.9535
-488.0000000000000   0.9479
-486.0000000000000   0.9423
-484.0000000000000   0.9368
-482.0000000000000   0.9309
-480.0000000000000   0.9246
-478.0000000000000   0.9175
-476.0000000000000   0.9096
-474.0000000000000   0.9016
-472.0000000000000   0.8944
-470.0000000000000   0.8879
-468.0000000000000   0.8823
-466.0000000000000   0.8774
-464.0000000000000   0.8726
-462.0000000000000   0.8671
-460.0000000000000   0.8604
-458.0000000000000   0.8528
-456.0000000000000   0.8447
-454.0000000000000   0.8368
-452.0000000000000   0.8295
-450.0000000000000   0.8233
-448.0000000000000   0.8187
-446.0000000000000   0.8152
-444.0000000000000   0.8125
-442.0000000000000   0.8092
-440.0000000000000   0.8040
-438.0000000000000   0.7969
-436.0000000000000   0.7882
-434.0000000000000   0.7791
-432.0000000000000   0.7707
-430.0000000000000   0.7639
-428.0000000000000   0.7585
-426.0000000000000   0.7538
-424.0000000000000   0.7493
-422.0000000000000   0.7446
-420.0000000000000   0.7395
-418.0000000000000   0.7337
-416.0000000000000   0.7269
-414.0000000000000   0.7193
-412.0000000000000   0.7119
-410.0000000000000   0.7058
-408.0000000000000   0.7011
-406.0000000000000   0.6978
-404.0000000000000   0.6950
-402.0000000000000   0.6914
-400.0000000000000   0.6864
-398.0000000000000   0.6801
-396.0000000000000   0.6729
-394.0000000000000   0.6651
-392.0000000000000   0.6572
-390.0000000000000   0.6499
-388.0000000000000   0.6442
-386.0000000000000   0.6402
-384.0000000000000   0.6372
-382.0000000000000   0.6341
-380.0000000000000   0.6298
-378.0000000000000   0.6241
-376.0000000000000   0.6177
-374.0000000000000   0.6121
-372.0000000000000   0.6083
-370.0000000000000   0.6054
-368.0000000000000   0.6025
-366.0000000000000   0.5981
-364.0000000000000   0.5914
-362.0000000000000   0.5837
-360.0000000000000   0.5767
-358.0000000000000   0.5712
-356.0000000000000   0.5674
-354.0000000000000   0.5653
-352.0000000000000   0.5633
-350.0000000000000   0.5599
-348.0000000000000   0.5539
-346.0000000000000   0.5464
-344.0000000000000   0.5389
-342.0000000000000   0.5331
-340.0000000000000   0.5299
-338.0000000000000   0.5283
-336.0000000000000   0.5269
-334.0000000000000   0.5246
-332.0000000000000   0.5209
-330.0000000000000   0.5158
-328.0000000000000   0.5094
-326.0000000000000   0.5020
-324.0000000000000   0.4938
-322.0000000000000   0.4858
-320.0000000000000   0.4792
-318.0000000000000   0.4751
-316.0000000000000   0.4741
-314.0000000000000   0.4748
-312.0000000000000   0.4757
-310.0000000000000   0.4752
-308.0000000000000   0.4724
-306.0000000000000   0.4667
-304.0000000000000   0.4592
-302.0000000000000   0.4517
-300.0000000000000   0.4453
-298.0000000000000   0.4404
-296.0000000000000   0.4368
-294.0000000000000   0.4345
-292.0000000000000   0.4331
-290.0000000000000   0.4316
-288.0000000000000   0.4288
-286.0000000000000   0.4238
-284.0000000000000   0.4165
-282.0000000000000   0.4089
-280.0000000000000   0.4031
-278.0000000000000   0.4011
-276.0000000000000   0.4034
-274.0000000000000   0.4071
-272.0000000000000   0.4092
-270.0000000000000   0.4086
-268.0000000000000   0.4048
-266.0000000000000   0.3982
-264.0000000000000   0.3908
-262.0000000000000   0.3843
-260.0000000000000   0.3787
-258.0000000000000   0.3734
-256.0000000000000   0.3683
-254.0000000000000   0.3637
-252.0000000000000   0.3597
-250.0000000000000   0.3568
-248.0000000000000   0.3552
-246.0000000000000   0.3547
-244.0000000000000   0.3550
-242.0000000000000   0.3555
-240.0000000000000   0.3552
-238.0000000000000   0.3529
-236.0000000000000   0.3478
-234.0000000000000   0.3386
-232.0000000000000   0.3252
-230.0000000000000   0.3125
-228.0000000000000   0.3049
-226.0000000000000   0.3048
-224.0000000000000   0.3122
-222.0000000000000   0.3207
-220.0000000000000   0.3237
-218.0000000000000   0.3212
-216.0000000000000   0.3149
-214.0000000000000   0.3080
-212.0000000000000   0.3033
-210.0000000000000   0.3000
-208.0000000000000   0.2971
-206.0000000000000   0.2946
-204.0000000000000   0.2917
-202.0000000000000   0.2889
-200.0000000000000   0.2875
-198.0000000000000   0.2879
-196.0000000000000   0.2899
-194.0000000000000   0.2911
-192.0000000000000   0.2891
-190.0000000000000   0.2847
-188.0000000000000   0.2794
-186.0000000000000   0.2745
-184.0000000000000   0.2705
-182.0000000000000   0.2678
-180.0000000000000   0.2663
-178.0000000000000   0.2652
-176.0000000000000   0.2633
-174.0000000000000   0.2600
-172.0000000000000   0.2552
-170.0000000000000   0.2494
-168.0000000000000   0.2431
-166.0000000000000   0.2367
-164.0000000000000   0.2313
-162.0000000000000   0.2276
-160.0000000000000   0.2254
-158.0000000000000   0.2244
-156.0000000000000   0.2240
-154.0000000000000   0.2238
-152.0000000000000   0.2232
-150.0000000000000   0.2219
-148.0000000000000   0.2204
-146.0000000000000   0.2193
-144.0000000000000   0.2193
-142.0000000000000   0.2211
-140.0000000000000   0.2244
-138.0000000000000   0.2249
-136.0000000000000   0.2195
-134.0000000000000   0.2110
-132.0000000000000   0.2051
-130.0000000000000   0.2075
-128.0000000000000   0.2135
-126.0000000000000   0.2167
-124.0000000000000   0.2147
-122.0000000000000   0.2078
-120.0000000000000   0.1998
-118.0000000000000   0.1958
-116.0000000000000   0.1989
-114.0000000000000   0.2038
-112.0000000000000   0.2049
-110.0000000000000   0.2014
-108.0000000000000   0.1940
-106.0000000000000   0.1844
-104.0000000000000   0.1780
-102.0000000000000   0.1792
-100.0000000000000   0.1840
-98.0000000000000   0.1872
-96.0000000000000   0.1864
-94.0000000000000   0.1812
-92.0000000000000   0.1753
-90.0000000000000   0.1723
-88.0000000000000   0.1718
-86.0000000000000   0.1722
-84.0000000000000   0.1723
-82.0000000000000   0.1716
-80.0000000000000   0.1697
-78.0000000000000   0.1666
-76.0000000000000   0.1636
-74.0000000000000   0.1618
-72.0000000000000   0.1611
-70.0000000000000   0.1609
-68.0000000000000   0.1609
-66.0000000000000   0.1604
-64.0000000000000   0.1591
-62.0000000000000   0.1572
-60.0000000000000   0.1550
-58.0000000000000   0.1530
-56.0000000000000   0.1514
-54.0000000000000   0.1505
-52.0000000000000   0.1505
-50.0000000000000   0.1510
-48.0000000000000   0.1517
-46.0000000000000   0.1522
-44.0000000000000   0.1521
-42.0000000000000   0.1509
-40.0000000000000   0.1482
-38.0000000000000   0.1437
-36.0000000000000   0.1377
-34.0000000000000   0.1313
-32.0000000000000   0.1258
-30.0000000000000   0.1227
-28.0000000000000   0.1228
-26.0000000000000   0.1255
-24.0000000000000   0.1299
-22.0000000000000   0.1348
-20.0000000000000   0.1383
-18.0000000000000   0.1376
-16.0000000000000   0.1320
-14.0000000000000   0.1248
-12.0000000000000   0.1197
-10.0000000000000   0.1189
-8.0000000000000   0.1186
-6.0000000000000   0.1172
-4.0000000000000   0.1143
-2.0000000000000   0.1115
0.0000000000000   0.1104
2.0000000000000   0.1123
4.0000000000000   0.1153
6.0000000000000   0.1171
8.0000000000000   0.1159
10.0000000000000   0.1125
12.0000000000000   0.1082
14.0000000000000   0.1042
16.0000000000000   0.1015
18.0000000000000   0.1007
20.0000000000000   0.1009
22.0000000000000   0.1009
24.0000000000000   0.1008
26.0000000000000   0.1007
28.0000000000000   0.1003
30.0000000000000   0.0993
32.0000000000000   0.0975
34.0000000000000   0.0944
36.0000000000000   0.0897
38.0000000000000   0.0835
40.0000000000000   0.0762
42.0000000000000   0.0684
44.0000000000000   0.0610
46.0000000000000   0.0556
48.0000000000000   0.0539
50.0000000000000   0.0558
52.0000000000000   0.0604
54.0000000000000   0.0663
56.0000000000000   0.0724
58.0000000000000   0.0772
60.0000000000000   0.0799
62.0000000000000   0.0816
64.0000000000000   0.0839
66.0000000000000   0.0880
68.0000000000000   0.0935
70.0000000000000   0.0998
72.0000000000000   0.1055
74.0000000000000   0.1094
76.0000000000000   0.1104
78.0000000000000   0.1095
80.0000000000000   0.1081
82.0000000000000   0.1068
84.0000000000000   0.1062
86.0000000000000   0.1071
88.0000000000000   0.1098
90.0000000000000   0.1139
92.0000000000000   0.1185
94.0000000000000   0.1227
96.0000000000000   0.1258
98.0000000000000   0.1282
100.0000000000000   0.1305
102.0000000000000   0.1333
104.0000000000000   0.1367
106.0000000000000   0.1410
108.0000000000000   0.1454
110.0000000000000   0.1490
112.0000000000000   0.1513
114.0000000000000   0.1523
116.0000000000000   0.1524
118.0000000000000   0.1518
120.0000000000000   0.1511
122.0000000000000   0.1506
124.0000000000000   0.1511
126.0000000000000   0.1529
128.0000000000000   0.1563
130.0000000000000   0.1610
132.0000000000000   0.1668
134.0000000000000   0.1729
136.0000000000000   0.1783
138.0000000000000   0.1818
140.0000000000000   0.1831
142.0000000000000   0.1825
144.0000000000000   0.1813
146.0000000000000   0.1808
148.0000000000000   0.1815
150.0000000000000   0.1836
152.0000000000000   0.1873
154.0000000000000   0.1926
156.0000000000000   0.1984
158.0000000000000   0.2034
160.0000000000000   0.2071
162.0000000000000   0.2090
164.0000000000000   0.2090
166.0000000000000   0.2089
168.0000000000000   0.2102
170.0000000000000   0.2123
172.0000000000000   0.2139
174.0000000000000   0.2141
176.0000000000000   0.2128
178.0000000000000   0.2113
180.0000000000000   0.2126
182.0000000000000   0.2194
184.0000000000000   0.2299
186.0000000000000   0.2408
188.0000000000000   0.2492
190.0000000000000   0.2524
192.0000000000000   0.2519
194.0000000000000   0.2501
196.0000000000000   0.2489
198.0000000000000   0.2489
200.0000000000000   0.2504
202.0000000000000   0.2535
204.0000000000000   0.2584
206.0000000000000   0.2647
208.0000000000000   0.2705
210.0000000000000   0.2747
212.0000000000000   0.2772
214.0000000000000   0.2783
216.0000000000000   0.2789
218.0000000000000   0.2798
220.0000000000000   0.2819
222.0000000000000   0.2851
224.0000000000000   0.2892
226.0000000000000   0.2939
228.0000000000000   0.2991
230.0000000000000   0.3048
232.0000000000000   0.3109
234.0000000000000   0.3165
236.0000000000000   0.3208
238.0000000000000   0.3238
240.0000000000000   0.3260
242.0000000000000   0.3282
244.0000000000000   0.3313
246.0000000000000   0.3335
248.0000000000000   0.3334
250.0000000000000   0.3314
252.0000000000000   0.3310
254.0000000000000   0.3355
256.0000000000000   0.3437
258.0000000000000   0.3531
260.0000000000000   0.3604
262.0000000000000   0.3636
264.0000000000000   0.3639
266.0000000000000   0.3638
268.0000000000000   0.3651
270.0000000000000   0.3681
272.0000000000000   0.3727
274.0000000000000   0.3785
276.0000000000000   0.3840
278.0000000000000   0.3879
280.0000000000000   0.3909
282.0000000000000   0.3944
284.0000000000000   0.3988
286.0000000000000   0.4044
288.0000000000000   0.4113
290.0000000000000   0.4185
292.0000000000000   0.4250
294.0000000000000   0.4299
296.0000000000000   0.4331
298.0000000000000   0.4353
300.0000000000000   0.4370
302.0000000000000   0.4388
304.0000000000000   0.4412
306.0000000000000   0.4444
308.0000000000000   0.4488
310.0000000000000   0.4542
312.0000000000000   0.4601
314.0000000000000   0.4660
316.0000000000000   0.4715
318.0000000000000   0.4767
320.0000000000000   0.4815
322.0000000000000   0.4860
324.0000000000000   0.4902
326.0000000000000   0.4941
328.0000000000000   0.4979
330.0000000000000   0.5019
332.0000000000000   0.5062
334.0000000000000   0.5109
336.0000000000000   0.5158
338.0000000000000   0.5207
340.0000000000000   0.5257
342.0000000000000   0.5308
344.0000000000000   0.5359
346.0000000000000   0.5411
348.0000000000000   0.5464
350.0000000000000   0.5519
352.0000000000000   0.5574
354.0000000000000   0.5631
356.0000000000000   0.5688
358.0000000000000   0.5744
360.0000000000000   0.5795
362.0000000000000   0.5841
364.0000000000000   0.5882
366.0000000000000   0.5917
368.0000000000000   0.5951
370.0000000000000   0.5987
372.0000000000000   0.6029
374.0000000000000   0.6080
376.0000000000000   0.6140
378.0000000000000   0.6204
380.0000000000000   0.6265
382.0000000000000   0.6322
384.0000000000000   0.6376
386.0000000000000   0.6428
388.0000000000000   0.6480
390.0000000000000   0.6535
392.0000000000000   0.6592
394.0000000000000   0.6651
396.0000000000000   0.6707
398.0000000000000   0.6756
400.0000000000000   0.6803
402.0000000000000   0.6853
404.0000000000000   0.6908
406.0000000000000   0.6971
408.0000000000000   0.7034
410.0000000000000   0.7093
412.0000000000000   0.7150
414.0000000000000   0.7207
416.0000000000000   0.7266
418.0000000000000   0.7328
420.0000000000000   0.7393
422.0000000000000   0.7461
424.0000000000000   0.7530
426.0000000000000   0.7597
428.0000000000000   0.7662
430.0000000000000   0.7724
432.0000000000000   0.7786
434.0000000000000   0.7847
436.0000000000000   0.7905
438.0000000000000   0.7962
440.0000000000000   0.8017
442.0000000000000   0.8072
444.0000000000000   0.8131
446.0000000000000   0.8194
448.0000000000000   0.8263
450.0000000000000   0.8333
452.0000000000000   0.8400
454.0000000000000   0.8465
456.0000000000000   0.8531
458.0000000000000   0.8600
460.0000000000000   0.8674
462.0000000000000   0.8741
464.0000000000000   0.8793
466.0000000000000   0.8836
468.0000000000000   0.8877
470.0000000000000   0.8927
472.0000000000000   0.8997
474.0000000000000   0.9083
476.0000000000000   0.9176
478.0000000000000   0.9269
480.0000000000000   0.9353
482.0000000000000   0.9425
484.0000000000000   0.9483
486.0000000000000   0.9529
488.0000000000000   0.9572
490.0000000000000   0.9623
492.0000000000000   0.9687
494.0000000000000   0.9759
496.0000000000000   0.9829
498.0000000000000   0.9882
500.0000000000000   0.9905
502.0000000000000   0.9888
504.0000000000000   0.9841
506.0000000000000   0.9777
508.0000000000000   0.9709
510.0000000000000   0.9646
512.0000000000000   0.9596
514.0000000000000   0.9552
516.0000000000000   0.9506
518.0000000000000   0.9448
520.0000000000000   0.9380
522.0000000000000   0.9302
524.0000000000000   0.9217
526.0000000000000   0.9128
528.0000000000000   0.9046
530.0000000000000   0.8978
532.0000000000000   0.8924
534.0000000000000   0.8878
536.0000000000000   0.8829
538.0000000000000   0.8770
540.0000000000000   0.8698
542.0000000000000   0.8618
544.0000000000000   0.8532
546.0000000000000   0.8448
548.0000000000000   0.8374
550.0000000000000   0.8309
552.0000000000000   0.8251
554.0000000000000   0.8198
556.0000000000000   0.8144
558.0000000000000   0.8081
560.0000000000000   0.8011
562.0000000000000   0.7935
564.0000000000000   0.7856
566.0000000000000   0.7777
568.0000000000000   0.7702
570.0000000000000   0.7632
572.0000000000000   0.7567
574.0000000000000   0.7506
576.0000000000000   0.7447
578.0000000000000   0.7389
580.0000000000000   0.7331
582.0000000000000   0.7270
584.0000000000000   0.7208
586.0000000000000   0.7147
588.0000000000000   0.7086
590.0000000000000   0.7027
592.0000000000000   0.6970
594.0000000000000   0.6917
596.0000000000000   0.6863
598.0000000000000   0.6806
600.0000000000000   0.6740
602.0000000000000   0.6665
604.0000000000000   0.6582
606.0000000000000   0.6499
608.0000000000000   0.6425
610.0000000000000   0.6365
612.0000000000000   0.6321
614.0000000000000   0.6286
616.0000000000000   0.6247
618.0000000000000   0.6197
620.0000000000000   0.6132
622.0000000000000   0.6055
624.0000000000000   0.5977
626.0000000000000   0.5911
628.0000000000000   0.5855
630.0000000000000   0.5808
632.0000000000000   0.5764
634.0000000000000   0.5715
636.0000000000000   0.5652
638.0000000000000   0.5580
640.0000000000000   0.5508
642.0000000000000   0.5443
644.0000000000000   0.5389
646.0000000000000   0.5341
648.0000000000000   0.5292
650.0000000000000   0.5240
652.0000000000000   0.5184
654.0000000000000   0.5123
656.0000000000000   0.5058
658.0000000000000   0.4992
660.0000000000000   0.4928
662.0000000000000   0.4869
664.0000000000000   0.4817
666.0000000000000   0.4768
668.0000000000000   0.4722
670.0000000000000   0.4678
672.0000000000000   0.4634
674.0000000000000   0.4588
676.0000000000000   0.4541
678.0000000000000   0.4489
680.0000000000000   0.4433
682.0000000000000   0.4371
684.0000000000000   0.4306
686.0000000000000   0.4239
688.0000000000000   0.4173
690.0000000000000   0.4112
692.0000000000000   0.4059
694.0000000000000   0.4011
696.0000000000000   0.3963
698.0000000000000   0.3913
700.0000000000000   0.3859
702.0000000000000   0.3802
704.0000000000000   0.3743
706.0000000000000   0.3682
708.0000000000000   0.3631
710.0000000000000   0.3592
712.0000000000000   0.3562
714.0000000000000   0.3530
716.0000000000000   0.3483
718.0000000000000   0.3418
720.0000000000000   0.3342
722.0000000000000   0.3268
724.0000000000000   0.3212
726.0000000000000   0.3175
728.0000000000000   0.3150
730.0000000000000   0.3126
732.0000000000000   0.3088
734.0000000000000   0.3028
736.0000000000000   0.2953
738.0000000000000   0.2876
740.0000000000000   0.2808
742.0000000000000   0.2756
744.0000000000000   0.2711
746.0000000000000   0.2666
748.0000000000000   0.2611
750.0000000000000   0.2547
752.0000000000000   0.2476
754.0000000000000   0.2404
756.0000000000000   0.2342
758.0000000000000   0.2295
760.0000000000000   0.2259
762.0000000000000   0.2225
764.0000000000000   0.2182
766.0000000000000   0.2121
768.0000000000000   0.2037
770.0000000000000   0.1944
772.0000000000000   0.1857
774.0000000000000   0.1784
776.0000000000000   0.1731
778.0000000000000   0.1697
780.0000000000000   0.1663
782.0000000000000   0.1605
784.0000000000000   0.1507
786.0000000000000   0.1368
788.0000000000000   0.1194
790.0000000000000   0.1004
792.0000000000000   0.0842
794.0000000000000   0.0739
796.0000000000000   0.0725
798.0000000000000   0.0813
800.0000000000000   0.0973
802.0000000000000   0.1161
804.0000000000000   0.1339
806.0000000000000   0.1485
808.0000000000000   0.1582
810.0000000000000   0.1623
812.0000000000000   0.1638
814.0000000000000   0.1660
816.0000000000000   0.1705
818.0000000000000   0.1782
820.0000000000000   0.1870
822.0000000000000   0.1946
824.0000000000000   0.2004
826.0000000000000   0.2047
828.0000000000000   0.2087
830.0000000000000   0.2143
832.0000000000000   0.2229
834.0000000000000   0.2326
836.0000000000000   0.2401
838.0000000000000   0.2430
840.0000000000000   0.2403
842.0000000000000   0.2350
844.0000000000000   0.2313
846.0000000000000   0.2328
848.0000000000000   0.2404
850.0000000000000   0.2532
852.0000000000000   0.2677
854.0000000000000   0.2797
856.0000000000000   0.2869
858.0000000000000   0.2894
860.0000000000000   0.2875
862.0000000000000   0.2817
864.0000000000000   0.2731
866.0000000000000   0.2650
868.0000000000000   0.2615
870.0000000000000   0.2666
872.0000000000000   0.2824
874.0000000000000   0.3033
876.0000000000000   0.3217
878.0000000000000   0.3308
880.0000000000000   0.3279
882.0000000000000   0.3196
884.0000000000000   0.3125
886.0000000000000   0.3095
888.0000000000000   0.3115
890.0000000000000   0.3179
892.0000000000000   0.3274
894.0000000000000   0.3385
896.0000000000000   0.3500
898.0000000000000   0.3606
900.0000000000000   0.3693
902.0000000000000   0.3770
904.0000000000000   0.3848
906.0000000000000   0.3939
908.0000000000000   0.4052
910.0000000000000   0.4188
912.0000000000000   0.4328
914.0000000000000   0.4451
916.0000000000000   0.4534
918.0000000000000   0.4555
920.0000000000000   0.4496
922.0000000000000   0.4360
924.0000000000000   0.4165
926.0000000000000   0.3933
928.0000000000000   0.3699
930.0000000000000   0.3547
932.0000000000000   0.3565
934.0000000000000   0.3784
936.0000000000000   0.4181
938.0000000000000   0.4710
940.0000000000000   0.5273
942.0000000000000   0.5762
944.0000000000000   0.6067
946.0000000000000   0.6078
948.0000000000000   0.5742
950.0000000000000   0.5236
952.0000000000000   0.4783
954.0000000000000   0.4571
956.0000000000000   0.4682
958.0000000000000   0.4920
960.0000000000000   0.5056
962.0000000000000   0.5026
964.0000000000000   0.4815
966.0000000000000   0.4473
968.0000000000000   0.4152
970.0000000000000   0.3998
972.0000000000000   0.4053
974.0000000000000   0.4295
976.0000000000000   0.4692
978.0000000000000   0.5208
980.0000000000000   0.5777
982.0000000000000   0.6310
984.0000000000000   0.6717
986.0000000000000   0.6948
988.0000000000000   0.7023
990.0000000000000   0.6976
992.0000000000000   0.6845
994.0000000000000   0.6688
996.0000000000000   0.6570
998.0000000000000   0.6541
1000.0000000000000   0.6598
