-1000.0000   0.7565   
-998.0000   0.7561   
-996.0000   0.7546   
-994.0000   0.7521   
-992.0000   0.7487   
-990.0000   0.7445   
-988.0000   0.7396   
-986.0000   0.7340   
-984.0000   0.7280   
-982.0000   0.7217   
-980.0000   0.7151   
-978.0000   0.7083   
-976.0000   0.7013   
-974.0000   0.6943   
-972.0000   0.6873   
-970.0000   0.6802   
-968.0000   0.6733   
-966.0000   0.6665   
-964.0000   0.6600   
-962.0000   0.6536   
-960.0000   0.6477   
-958.0000   0.6420   
-956.0000   0.6368   
-954.0000   0.6317   
-952.0000   0.6269   
-950.0000   0.6223   
-948.0000   0.6177   
-946.0000   0.6133   
-944.0000   0.6088   
-942.0000   0.6042   
-940.0000   0.5996   
-938.0000   0.5948   
-936.0000   0.5897   
-934.0000   0.5844   
-932.0000   0.5789   
-930.0000   0.5732   
-928.0000   0.5673   
-926.0000   0.5612   
-924.0000   0.5549   
-922.0000   0.5484   
-920.0000   0.5418   
-918.0000   0.5350   
-916.0000   0.5281   
-914.0000   0.5211   
-912.0000   0.5139   
-910.0000   0.5068   
-908.0000   0.4996   
-906.0000   0.4924   
-904.0000   0.4853   
-902.0000   0.4783   
-900.0000   0.4714   
-898.0000   0.4647   
-896.0000   0.4582   
-894.0000   0.4519   
-892.0000   0.4458   
-890.0000   0.4398   
-888.0000   0.4341   
-886.0000   0.4284   
-884.0000   0.4230   
-882.0000   0.4176   
-880.0000   0.4124   
-878.0000   0.4072   
-876.0000   0.4022   
-874.0000   0.3972   
-872.0000   0.3923   
-870.0000   0.3874   
-868.0000   0.3826   
-866.0000   0.3778   
-864.0000   0.3730   
-862.0000   0.3681   
-860.0000   0.3632   
-858.0000   0.3582   
-856.0000   0.3531   
-854.0000   0.3480   
-852.0000   0.3428   
-850.0000   0.3376   
-848.0000   0.3323   
-846.0000   0.3271   
-844.0000   0.3218   
-842.0000   0.3165   
-840.0000   0.3112   
-838.0000   0.3060   
-836.0000   0.3008   
-834.0000   0.2956   
-832.0000   0.2904   
-830.0000   0.2852   
-828.0000   0.2798   
-826.0000   0.2743   
-824.0000   0.2686   
-822.0000   0.2627   
-820.0000   0.2565   
-818.0000   0.2501   
-816.0000   0.2434   
-814.0000   0.2363   
-812.0000   0.2290   
-810.0000   0.2214   
-808.0000   0.2136   
-806.0000   0.2056   
-804.0000   0.1975   
-802.0000   0.1893   
-800.0000   0.1811   
-798.0000   0.1732   
-796.0000   0.1655   
-794.0000   0.1581   
-792.0000   0.1511   
-790.0000   0.1446   
-788.0000   0.1387   
-786.0000   0.1333   
-784.0000   0.1286   
-782.0000   0.1246   
-780.0000   0.1214   
-778.0000   0.1191   
-776.0000   0.1175   
-774.0000   0.1167   
-772.0000   0.1166   
-770.0000   0.1173   
-768.0000   0.1185   
-766.0000   0.1205   
-764.0000   0.1230   
-762.0000   0.1261   
-760.0000   0.1298   
-758.0000   0.1339   
-756.0000   0.1385   
-754.0000   0.1436   
-752.0000   0.1491   
-750.0000   0.1550   
-748.0000   0.1612   
-746.0000   0.1677   
-744.0000   0.1745   
-742.0000   0.1816   
-740.0000   0.1889   
-738.0000   0.1964   
-736.0000   0.2042   
-734.0000   0.2122   
-732.0000   0.2203   
-730.0000   0.2287   
-728.0000   0.2372   
-726.0000   0.2459   
-724.0000   0.2548   
-722.0000   0.2638   
-720.0000   0.2729   
-718.0000   0.2822   
-716.0000   0.2916   
-714.0000   0.3011   
-712.0000   0.3107   
-710.0000   0.3203   
-708.0000   0.3301   
-706.0000   0.3398   
-704.0000   0.3497   
-702.0000   0.3596   
-700.0000   0.3695   
-698.0000   0.3794   
-696.0000   0.3894   
-694.0000   0.3993   
-692.0000   0.4092   
-690.0000   0.4191   
-688.0000   0.4290   
-686.0000   0.4388   
-684.0000   0.4486   
-682.0000   0.4583   
-680.0000   0.4679   
-678.0000   0.4775   
-676.0000   0.4869   
-674.0000   0.4962   
-672.0000   0.5055   
-670.0000   0.5146   
-668.0000   0.5236   
-666.0000   0.5325   
-664.0000   0.5413   
-662.0000   0.5500   
-660.0000   0.5587   
-658.0000   0.5672   
-656.0000   0.5757   
-654.0000   0.5841   
-652.0000   0.5925   
-650.0000   0.6008   
-648.0000   0.6091   
-646.0000   0.6173   
-644.0000   0.6255   
-642.0000   0.6337   
-640.0000   0.6419   
-638.0000   0.6500   
-636.0000   0.6580   
-634.0000   0.6660   
-632.0000   0.6740   
-630.0000   0.6819   
-628.0000   0.6897   
-626.0000   0.6975   
-624.0000   0.7053   
-622.0000   0.7129   
-620.0000   0.7205   
-618.0000   0.7281   
-616.0000   0.7356   
-614.0000   0.7430   
-612.0000   0.7503   
-610.0000   0.7576   
-608.0000   0.7648   
-606.0000   0.7719   
-604.0000   0.7789   
-602.0000   0.7859   
-600.0000   0.7927   
-598.0000   0.7995   
-596.0000   0.8062   
-594.0000   0.8128   
-592.0000   0.8193   
-590.0000   0.8257   
-588.0000   0.8320   
-586.0000   0.8382   
-584.0000   0.8443   
-582.0000   0.8503   
-580.0000   0.8562   
-578.0000   0.8620   
-576.0000   0.8676   
-574.0000   0.8732   
-572.0000   0.8786   
-570.0000   0.8839   
-568.0000   0.8891   
-566.0000   0.8941   
-564.0000   0.8990   
-562.0000   0.9037   
-560.0000   0.9083   
-558.0000   0.9127   
-556.0000   0.9170   
-554.0000   0.9211   
-552.0000   0.9250   
-550.0000   0.9287   
-548.0000   0.9323   
-546.0000   0.9356   
-544.0000   0.9388   
-542.0000   0.9418   
-540.0000   0.9446   
-538.0000   0.9472   
-536.0000   0.9495   
-534.0000   0.9517   
-532.0000   0.9536   
-530.0000   0.9553   
-528.0000   0.9568   
-526.0000   0.9580   
-524.0000   0.9590   
-522.0000   0.9598   
-520.0000   0.9603   
-518.0000   0.9605   
-516.0000   0.9605   
-514.0000   0.9603   
-512.0000   0.9597   
-510.0000   0.9589   
-508.0000   0.9578   
-506.0000   0.9564   
-504.0000   0.9548   
-502.0000   0.9529   
-500.0000   0.9507   
-498.0000   0.9482   
-496.0000   0.9455   
-494.0000   0.9425   
-492.0000   0.9393   
-490.0000   0.9359   
-488.0000   0.9323   
-486.0000   0.9284   
-484.0000   0.9243   
-482.0000   0.9201   
-480.0000   0.9156   
-478.0000   0.9110   
-476.0000   0.9061   
-474.0000   0.9012   
-472.0000   0.8960   
-470.0000   0.8907   
-468.0000   0.8853   
-466.0000   0.8797   
-464.0000   0.8740   
-462.0000   0.8682   
-460.0000   0.8623   
-458.0000   0.8562   
-456.0000   0.8501   
-454.0000   0.8439   
-452.0000   0.8376   
-450.0000   0.8312   
-448.0000   0.8248   
-446.0000   0.8184   
-444.0000   0.8119   
-442.0000   0.8054   
-440.0000   0.7990   
-438.0000   0.7925   
-436.0000   0.7861   
-434.0000   0.7798   
-432.0000   0.7735   
-430.0000   0.7673   
-428.0000   0.7611   
-426.0000   0.7550   
-424.0000   0.7490   
-422.0000   0.7430   
-420.0000   0.7371   
-418.0000   0.7313   
-416.0000   0.7256   
-414.0000   0.7199   
-412.0000   0.7142   
-410.0000   0.7086   
-408.0000   0.7030   
-406.0000   0.6975   
-404.0000   0.6920   
-402.0000   0.6865   
-400.0000   0.6811   
-398.0000   0.6757   
-396.0000   0.6703   
-394.0000   0.6649   
-392.0000   0.6596   
-390.0000   0.6543   
-388.0000   0.6490   
-386.0000   0.6438   
-384.0000   0.6387   
-382.0000   0.6336   
-380.0000   0.6285   
-378.0000   0.6235   
-376.0000   0.6185   
-374.0000   0.6136   
-372.0000   0.6087   
-370.0000   0.6039   
-368.0000   0.5991   
-366.0000   0.5943   
-364.0000   0.5895   
-362.0000   0.5848   
-360.0000   0.5800   
-358.0000   0.5753   
-356.0000   0.5705   
-354.0000   0.5658   
-352.0000   0.5610   
-350.0000   0.5563   
-348.0000   0.5515   
-346.0000   0.5468   
-344.0000   0.5421   
-342.0000   0.5374   
-340.0000   0.5327   
-338.0000   0.5281   
-336.0000   0.5234   
-334.0000   0.5188   
-332.0000   0.5143   
-330.0000   0.5098   
-328.0000   0.5053   
-326.0000   0.5009   
-324.0000   0.4965   
-322.0000   0.4922   
-320.0000   0.4879   
-318.0000   0.4837   
-316.0000   0.4796   
-314.0000   0.4755   
-312.0000   0.4715   
-310.0000   0.4675   
-308.0000   0.4636   
-306.0000   0.4598   
-304.0000   0.4559   
-302.0000   0.4522   
-300.0000   0.4485   
-298.0000   0.4448   
-296.0000   0.4412   
-294.0000   0.4376   
-292.0000   0.4340   
-290.0000   0.4305   
-288.0000   0.4269   
-286.0000   0.4234   
-284.0000   0.4199   
-282.0000   0.4165   
-280.0000   0.4130   
-278.0000   0.4096   
-276.0000   0.4061   
-274.0000   0.4027   
-272.0000   0.3993   
-270.0000   0.3960   
-268.0000   0.3926   
-266.0000   0.3893   
-264.0000   0.3860   
-262.0000   0.3827   
-260.0000   0.3794   
-258.0000   0.3762   
-256.0000   0.3730   
-254.0000   0.3697   
-252.0000   0.3666   
-250.0000   0.3634   
-248.0000   0.3602   
-246.0000   0.3571   
-244.0000   0.3539   
-242.0000   0.3508   
-240.0000   0.3477   
-238.0000   0.3446   
-236.0000   0.3416   
-234.0000   0.3385   
-232.0000   0.3355   
-230.0000   0.3325   
-228.0000   0.3295   
-226.0000   0.3266   
-224.0000   0.3236   
-222.0000   0.3207   
-220.0000   0.3177   
-218.0000   0.3148   
-216.0000   0.3119   
-214.0000   0.3090   
-212.0000   0.3061   
-210.0000   0.3032   
-208.0000   0.3003   
-206.0000   0.2974   
-204.0000   0.2945   
-202.0000   0.2915   
-200.0000   0.2886   
-198.0000   0.2856   
-196.0000   0.2827   
-194.0000   0.2797   
-192.0000   0.2767   
-190.0000   0.2737   
-188.0000   0.2708   
-186.0000   0.2678   
-184.0000   0.2648   
-182.0000   0.2618   
-180.0000   0.2588   
-178.0000   0.2558   
-176.0000   0.2529   
-174.0000   0.2500   
-172.0000   0.2472   
-170.0000   0.2444   
-168.0000   0.2417   
-166.0000   0.2391   
-164.0000   0.2367   
-162.0000   0.2343   
-160.0000   0.2321   
-158.0000   0.2301   
-156.0000   0.2282   
-154.0000   0.2264   
-152.0000   0.2249   
-150.0000   0.2234   
-148.0000   0.2221   
-146.0000   0.2208   
-144.0000   0.2197   
-142.0000   0.2187   
-140.0000   0.2177   
-138.0000   0.2168   
-136.0000   0.2158   
-134.0000   0.2149   
-132.0000   0.2139   
-130.0000   0.2127   
-128.0000   0.2114   
-126.0000   0.2100   
-124.0000   0.2084   
-122.0000   0.2067   
-120.0000   0.2048   
-118.0000   0.2028   
-116.0000   0.2007   
-114.0000   0.1985   
-112.0000   0.1962   
-110.0000   0.1939   
-108.0000   0.1916   
-106.0000   0.1893   
-104.0000   0.1871   
-102.0000   0.1850   
-100.0000   0.1830   
-98.0000   0.1811   
-96.0000   0.1793   
-94.0000   0.1777   
-92.0000   0.1761   
-90.0000   0.1746   
-88.0000   0.1733   
-86.0000   0.1720   
-84.0000   0.1708   
-82.0000   0.1696   
-80.0000   0.1685   
-78.0000   0.1674   
-76.0000   0.1663   
-74.0000   0.1652   
-72.0000   0.1640   
-70.0000   0.1629   
-68.0000   0.1617   
-66.0000   0.1605   
-64.0000   0.1592   
-62.0000   0.1579   
-60.0000   0.1566   
-58.0000   0.1552   
-56.0000   0.1537   
-54.0000   0.1523   
-52.0000   0.1507   
-50.0000   0.1492   
-48.0000   0.1476   
-46.0000   0.1460   
-44.0000   0.1443   
-42.0000   0.1427   
-40.0000   0.1411   
-38.0000   0.1396   
-36.0000   0.1381   
-34.0000   0.1366   
-32.0000   0.1352   
-30.0000   0.1339   
-28.0000   0.1327   
-26.0000   0.1315   
-24.0000   0.1304   
-22.0000   0.1294   
-20.0000   0.1283   
-18.0000   0.1274   
-16.0000   0.1264   
-14.0000   0.1254   
-12.0000   0.1243   
-10.0000   0.1232   
-8.0000   0.1221   
-6.0000   0.1207   
-4.0000   0.1193   
-2.0000   0.1177   
0.0000   0.1159   
2.0000   0.1141   
4.0000   0.1121   
6.0000   0.1100   
8.0000   0.1079   
10.0000   0.1057   
12.0000   0.1034   
14.0000   0.1011   
16.0000   0.0988   
18.0000   0.0965   
20.0000   0.0941   
22.0000   0.0918   
24.0000   0.0895   
26.0000   0.0873   
28.0000   0.0851   
30.0000   0.0830   
32.0000   0.0810   
34.0000   0.0792   
36.0000   0.0775   
38.0000   0.0761   
40.0000   0.0749   
42.0000   0.0739   
44.0000   0.0732   
46.0000   0.0727   
48.0000   0.0727   
50.0000   0.0729   
52.0000   0.0735   
54.0000   0.0744   
56.0000   0.0757   
58.0000   0.0772   
60.0000   0.0790   
62.0000   0.0810   
64.0000   0.0832   
66.0000   0.0856   
68.0000   0.0882   
70.0000   0.0908   
72.0000   0.0936   
74.0000   0.0965   
76.0000   0.0994   
78.0000   0.1024   
80.0000   0.1053   
82.0000   0.1083   
84.0000   0.1113   
86.0000   0.1142   
88.0000   0.1170   
90.0000   0.1198   
92.0000   0.1225   
94.0000   0.1251   
96.0000   0.1276   
98.0000   0.1300   
100.0000   0.1324   
102.0000   0.1347   
104.0000   0.1370   
106.0000   0.1392   
108.0000   0.1414   
110.0000   0.1435   
112.0000   0.1457   
114.0000   0.1478   
116.0000   0.1500   
118.0000   0.1522   
120.0000   0.1543   
122.0000   0.1565   
124.0000   0.1587   
126.0000   0.1610   
128.0000   0.1632   
130.0000   0.1655   
132.0000   0.1679   
134.0000   0.1703   
136.0000   0.1727   
138.0000   0.1751   
140.0000   0.1776   
142.0000   0.1801   
144.0000   0.1825   
146.0000   0.1849   
148.0000   0.1873   
150.0000   0.1897   
152.0000   0.1920   
154.0000   0.1943   
156.0000   0.1966   
158.0000   0.1988   
160.0000   0.2010   
162.0000   0.2032   
164.0000   0.2054   
166.0000   0.2076   
168.0000   0.2097   
170.0000   0.2119   
172.0000   0.2142   
174.0000   0.2165   
176.0000   0.2189   
178.0000   0.2214   
180.0000   0.2240   
182.0000   0.2267   
184.0000   0.2295   
186.0000   0.2323   
188.0000   0.2353   
190.0000   0.2384   
192.0000   0.2415   
194.0000   0.2447   
196.0000   0.2480   
198.0000   0.2514   
200.0000   0.2548   
202.0000   0.2582   
204.0000   0.2617   
206.0000   0.2652   
208.0000   0.2688   
210.0000   0.2723   
212.0000   0.2759   
214.0000   0.2794   
216.0000   0.2829   
218.0000   0.2865   
220.0000   0.2899   
222.0000   0.2934   
224.0000   0.2967   
226.0000   0.3001   
228.0000   0.3034   
230.0000   0.3066   
232.0000   0.3098   
234.0000   0.3129   
236.0000   0.3160   
238.0000   0.3190   
240.0000   0.3220   
242.0000   0.3249   
244.0000   0.3278   
246.0000   0.3307   
248.0000   0.3337   
250.0000   0.3366   
252.0000   0.3397   
254.0000   0.3428   
256.0000   0.3460   
258.0000   0.3493   
260.0000   0.3527   
262.0000   0.3562   
264.0000   0.3599   
266.0000   0.3637   
268.0000   0.3676   
270.0000   0.3717   
272.0000   0.3758   
274.0000   0.3800   
276.0000   0.3843   
278.0000   0.3886   
280.0000   0.3929   
282.0000   0.3973   
284.0000   0.4017   
286.0000   0.4061   
288.0000   0.4105   
290.0000   0.4149   
292.0000   0.4192   
294.0000   0.4236   
296.0000   0.4279   
298.0000   0.4322   
300.0000   0.4365   
302.0000   0.4407   
304.0000   0.4450   
306.0000   0.4493   
308.0000   0.4535   
310.0000   0.4578   
312.0000   0.4621   
314.0000   0.4665   
316.0000   0.4708   
318.0000   0.4752   
320.0000   0.4797   
322.0000   0.4841   
324.0000   0.4886   
326.0000   0.4932   
328.0000   0.4978   
330.0000   0.5025   
332.0000   0.5072   
334.0000   0.5120   
336.0000   0.5169   
338.0000   0.5218   
340.0000   0.5268   
342.0000   0.5319   
344.0000   0.5370   
346.0000   0.5421   
348.0000   0.5474   
350.0000   0.5527   
352.0000   0.5580   
354.0000   0.5634   
356.0000   0.5688   
358.0000   0.5743   
360.0000   0.5798   
362.0000   0.5853   
364.0000   0.5909   
366.0000   0.5966   
368.0000   0.6022   
370.0000   0.6079   
372.0000   0.6136   
374.0000   0.6194   
376.0000   0.6252   
378.0000   0.6309   
380.0000   0.6368   
382.0000   0.6426   
384.0000   0.6484   
386.0000   0.6543   
388.0000   0.6601   
390.0000   0.6660   
392.0000   0.6719   
394.0000   0.6777   
396.0000   0.6836   
398.0000   0.6895   
400.0000   0.6953   
402.0000   0.7012   
404.0000   0.7070   
406.0000   0.7129   
408.0000   0.7187   
410.0000   0.7245   
412.0000   0.7303   
414.0000   0.7360   
416.0000   0.7418   
418.0000   0.7475   
420.0000   0.7531   
422.0000   0.7588   
424.0000   0.7644   
426.0000   0.7699   
428.0000   0.7755   
430.0000   0.7809   
432.0000   0.7863   
434.0000   0.7917   
436.0000   0.7970   
438.0000   0.8022   
440.0000   0.8074   
442.0000   0.8125   
444.0000   0.8176   
446.0000   0.8225   
448.0000   0.8274   
450.0000   0.8323   
452.0000   0.8370   
454.0000   0.8416   
456.0000   0.8462   
458.0000   0.8506   
460.0000   0.8550   
462.0000   0.8593   
464.0000   0.8635   
466.0000   0.8675   
468.0000   0.8715   
470.0000   0.8753   
472.0000   0.8790   
474.0000   0.8826   
476.0000   0.8861   
478.0000   0.8895   
480.0000   0.8927   
482.0000   0.8958   
484.0000   0.8988   
486.0000   0.9017   
488.0000   0.9044   
490.0000   0.9069   
492.0000   0.9093   
494.0000   0.9116   
496.0000   0.9137   
498.0000   0.9156   
500.0000   0.9174   
502.0000   0.9190   
504.0000   0.9205   
506.0000   0.9218   
508.0000   0.9229   
510.0000   0.9239   
512.0000   0.9247   
514.0000   0.9253   
516.0000   0.9258   
518.0000   0.9261   
520.0000   0.9263   
522.0000   0.9263   
524.0000   0.9261   
526.0000   0.9258   
528.0000   0.9253   
530.0000   0.9246   
532.0000   0.9238   
534.0000   0.9229   
536.0000   0.9218   
538.0000   0.9205   
540.0000   0.9190   
542.0000   0.9175   
544.0000   0.9157   
546.0000   0.9138   
548.0000   0.9118   
550.0000   0.9096   
552.0000   0.9072   
554.0000   0.9047   
556.0000   0.9021   
558.0000   0.8992   
560.0000   0.8963   
562.0000   0.8932   
564.0000   0.8899   
566.0000   0.8865   
568.0000   0.8830   
570.0000   0.8793   
572.0000   0.8754   
574.0000   0.8714   
576.0000   0.8673   
578.0000   0.8630   
580.0000   0.8586   
582.0000   0.8540   
584.0000   0.8493   
586.0000   0.8444   
588.0000   0.8395   
590.0000   0.8343   
592.0000   0.8291   
594.0000   0.8237   
596.0000   0.8182   
598.0000   0.8126   
600.0000   0.8068   
602.0000   0.8009   
604.0000   0.7950   
606.0000   0.7889   
608.0000   0.7827   
610.0000   0.7763   
612.0000   0.7699   
614.0000   0.7634   
616.0000   0.7567   
618.0000   0.7500   
620.0000   0.7431   
622.0000   0.7362   
624.0000   0.7291   
626.0000   0.7220   
628.0000   0.7148   
630.0000   0.7074   
632.0000   0.7000   
634.0000   0.6925   
636.0000   0.6849   
638.0000   0.6772   
640.0000   0.6694   
642.0000   0.6615   
644.0000   0.6536   
646.0000   0.6456   
648.0000   0.6375   
650.0000   0.6293   
652.0000   0.6210   
654.0000   0.6127   
656.0000   0.6043   
658.0000   0.5958   
660.0000   0.5872   
662.0000   0.5786   
664.0000   0.5699   
666.0000   0.5612   
668.0000   0.5524   
670.0000   0.5435   
672.0000   0.5346   
674.0000   0.5256   
676.0000   0.5166   
678.0000   0.5075   
680.0000   0.4984   
682.0000   0.4893   
684.0000   0.4802   
686.0000   0.4710   
688.0000   0.4618   
690.0000   0.4526   
692.0000   0.4434   
694.0000   0.4342   
696.0000   0.4250   
698.0000   0.4158   
700.0000   0.4066   
702.0000   0.3975   
704.0000   0.3883   
706.0000   0.3792   
708.0000   0.3701   
710.0000   0.3611   
712.0000   0.3520   
714.0000   0.3431   
716.0000   0.3341   
718.0000   0.3253   
720.0000   0.3164   
722.0000   0.3077   
724.0000   0.2990   
726.0000   0.2903   
728.0000   0.2818   
730.0000   0.2733   
732.0000   0.2649   
734.0000   0.2566   
736.0000   0.2484   
738.0000   0.2403   
740.0000   0.2323   
742.0000   0.2244   
744.0000   0.2166   
746.0000   0.2090   
748.0000   0.2015   
750.0000   0.1941   
752.0000   0.1869   
754.0000   0.1799   
756.0000   0.1732   
758.0000   0.1666   
760.0000   0.1604   
762.0000   0.1543   
764.0000   0.1486   
766.0000   0.1432   
768.0000   0.1381   
770.0000   0.1334   
772.0000   0.1291   
774.0000   0.1251   
776.0000   0.1216   
778.0000   0.1186   
780.0000   0.1161   
782.0000   0.1140   
784.0000   0.1125   
786.0000   0.1116   
788.0000   0.1113   
790.0000   0.1116   
792.0000   0.1126   
794.0000   0.1142   
796.0000   0.1165   
798.0000   0.1196   
800.0000   0.1233   
802.0000   0.1277   
804.0000   0.1326   
806.0000   0.1381   
808.0000   0.1441   
810.0000   0.1504   
812.0000   0.1570   
814.0000   0.1640   
816.0000   0.1711   
818.0000   0.1783   
820.0000   0.1856   
822.0000   0.1927   
824.0000   0.1995   
826.0000   0.2060   
828.0000   0.2121   
830.0000   0.2178   
832.0000   0.2230   
834.0000   0.2278   
836.0000   0.2322   
838.0000   0.2361   
840.0000   0.2397   
842.0000   0.2431   
844.0000   0.2463   
846.0000   0.2493   
848.0000   0.2524   
850.0000   0.2554   
852.0000   0.2584   
854.0000   0.2614   
856.0000   0.2645   
858.0000   0.2678   
860.0000   0.2711   
862.0000   0.2747   
864.0000   0.2784   
866.0000   0.2823   
868.0000   0.2864   
870.0000   0.2906   
872.0000   0.2951   
874.0000   0.2997   
876.0000   0.3046   
878.0000   0.3096   
880.0000   0.3148   
882.0000   0.3202   
884.0000   0.3257   
886.0000   0.3313   
888.0000   0.3370   
890.0000   0.3427   
892.0000   0.3485   
894.0000   0.3544   
896.0000   0.3602   
898.0000   0.3660   
900.0000   0.3717   
902.0000   0.3774   
904.0000   0.3831   
906.0000   0.3886   
908.0000   0.3941   
910.0000   0.3994   
912.0000   0.4046   
914.0000   0.4096   
916.0000   0.4144   
918.0000   0.4191   
920.0000   0.4236   
922.0000   0.4278   
924.0000   0.4318   
926.0000   0.4356   
928.0000   0.4393   
930.0000   0.4428   
932.0000   0.4463   
934.0000   0.4497   
936.0000   0.4532   
938.0000   0.4567   
940.0000   0.4603   
942.0000   0.4640   
944.0000   0.4679   
946.0000   0.4720   
948.0000   0.4764   
950.0000   0.4810   
952.0000   0.4859   
954.0000   0.4910   
956.0000   0.4963   
958.0000   0.5018   
960.0000   0.5075   
962.0000   0.5134   
964.0000   0.5195   
966.0000   0.5257   
968.0000   0.5321   
970.0000   0.5386   
972.0000   0.5451   
974.0000   0.5516   
976.0000   0.5581   
978.0000   0.5644   
980.0000   0.5706   
982.0000   0.5765   
984.0000   0.5821   
986.0000   0.5874   
988.0000   0.5922   
990.0000   0.5965   
992.0000   0.6002   
994.0000   0.6033   
996.0000   0.6058   
998.0000   0.6075   
1000.0000   0.6084   
