-1000.0000   -0.0705   
-998.0000   0.1396   
-996.0000   0.1393   
-994.0000   0.0556   
-992.0000   -0.1370   
-990.0000   0.1393   
-988.0000   0.0797   
-986.0000   -0.1597   
-984.0000   0.1176   
-982.0000   0.1862   
-980.0000   -0.1898   
-978.0000   0.1835   
-976.0000   0.1074   
-974.0000   -0.1511   
-972.0000   0.1273   
-970.0000   -0.0942   
-968.0000   0.0546   
-966.0000   -0.0324   
-964.0000   0.0607   
-962.0000   -0.1482   
-960.0000   0.2621   
-958.0000   0.1515   
-956.0000   -0.3777   
-954.0000   0.3139   
-952.0000   -0.1873   
-950.0000   0.0758   
-948.0000   -0.0455   
-946.0000   0.0956   
-944.0000   -0.1704   
-942.0000   0.2168   
-940.0000   -0.0788   
-938.0000   -0.1928   
-936.0000   -0.0884   
-934.0000   0.1039   
-932.0000   -0.0688   
-930.0000   0.0498   
-928.0000   -0.0474   
-926.0000   0.0574   
-924.0000   -0.0708   
-922.0000   0.0695   
-920.0000   0.0837   
-918.0000   -0.0816   
-916.0000   0.0773   
-914.0000   0.0320   
-912.0000   -0.0718   
-910.0000   -0.0018   
-908.0000   0.0659   
-906.0000   -0.0586   
-904.0000   -0.0207   
-902.0000   0.0354   
-900.0000   -0.0236   
-898.0000   -0.0181   
-896.0000   0.0003   
-894.0000   0.0069   
-892.0000   0.0089   
-890.0000   -0.0153   
-888.0000   0.0225   
-886.0000   -0.0259   
-884.0000   -0.0211   
-882.0000   -0.0067   
-880.0000   0.0070   
-878.0000   0.0122   
-876.0000   0.0096   
-874.0000   -0.0126   
-872.0000   0.0165   
-870.0000   -0.0188   
-868.0000   0.0245   
-866.0000   -0.0397   
-864.0000   0.0023   
-862.0000   0.0818   
-860.0000   -0.0902   
-858.0000   0.0842   
-856.0000   -0.0705   
-854.0000   0.0589   
-852.0000   -0.0546   
-850.0000   0.0555   
-848.0000   -0.0569   
-846.0000   0.0021   
-844.0000   0.0531   
-842.0000   -0.0479   
-840.0000   0.0424   
-838.0000   -0.0393   
-836.0000   -0.0250   
-834.0000   0.0425   
-832.0000   0.0092   
-830.0000   -0.0458   
-828.0000   0.0417   
-826.0000   -0.0338   
-824.0000   0.0262   
-822.0000   -0.0218   
-820.0000   0.0204   
-818.0000   -0.0195   
-816.0000   -0.0242   
-814.0000   -0.0090   
-812.0000   0.0330   
-810.0000   0.0276   
-808.0000   -0.0357   
-806.0000   0.0301   
-804.0000   -0.0215   
-802.0000   0.0163   
-800.0000   0.0106   
-798.0000   -0.0248   
-796.0000   0.0321   
-794.0000   -0.0331   
-792.0000   0.0242   
-790.0000   -0.0117   
-788.0000   0.0083   
-786.0000   -0.0194   
-784.0000   0.0351   
-782.0000   -0.0396   
-780.0000   0.0120   
-778.0000   0.0144   
-776.0000   -0.0046   
-774.0000   -0.0022   
-772.0000   0.0074   
-770.0000   -0.0102   
-768.0000   0.0101   
-766.0000   0.0051   
-764.0000   0.0021   
-762.0000   -0.0031   
-760.0000   -0.0053   
-758.0000   0.0064   
-756.0000   -0.0075   
-754.0000   -0.0054   
-752.0000   -0.0036   
-750.0000   0.0053   
-748.0000   -0.0005   
-746.0000   -0.0047   
-744.0000   0.0080   
-742.0000   -0.0148   
-740.0000   0.0228   
-738.0000   -0.0278   
-736.0000   0.0267   
-734.0000   -0.0053   
-732.0000   -0.0132   
-730.0000   0.0081   
-728.0000   -0.0076   
-726.0000   -0.0072   
-724.0000   0.0046   
-722.0000   0.0057   
-720.0000   0.0250   
-718.0000   -0.0234   
-716.0000   0.0177   
-714.0000   -0.0115   
-712.0000   0.0084   
-710.0000   -0.0090   
-708.0000   0.0110   
-706.0000   0.0010   
-704.0000   -0.0117   
-702.0000   0.0096   
-700.0000   -0.0065   
-698.0000   0.0018   
-696.0000   0.0021   
-694.0000   -0.0024   
-692.0000   -0.0048   
-690.0000   0.0095   
-688.0000   -0.0146   
-686.0000   0.0174   
-684.0000   -0.0166   
-682.0000   0.0137   
-680.0000   -0.0114   
-678.0000   0.0103   
-676.0000   -0.0089   
-674.0000   -0.0065   
-672.0000   0.0041   
-670.0000   -0.0031   
-668.0000   0.0025   
-666.0000   0.0078   
-664.0000   -0.0124   
-662.0000   0.0162   
-660.0000   -0.0174   
-658.0000   0.0165   
-656.0000   -0.0107   
-654.0000   -0.0141   
-652.0000   0.0146   
-650.0000   -0.0160   
-648.0000   0.0008   
-646.0000   0.0181   
-644.0000   -0.0172   
-642.0000   -0.0124   
-640.0000   0.0120   
-638.0000   -0.0094   
-636.0000   0.0075   
-634.0000   -0.0061   
-632.0000   0.0048   
-630.0000   -0.0045   
-628.0000   0.0062   
-626.0000   -0.0095   
-624.0000   0.0119   
-622.0000   -0.0110   
-620.0000   0.0070   
-618.0000   -0.0032   
-616.0000   0.0024   
-614.0000   -0.0045   
-612.0000   0.0070   
-610.0000   -0.0075   
-608.0000   -0.0045   
-606.0000   0.0045   
-604.0000   -0.0039   
-602.0000   0.0043   
-600.0000   -0.0042   
-598.0000   0.0031   
-596.0000   0.0015   
-594.0000   -0.0012   
-592.0000   0.0027   
-590.0000   -0.0055   
-588.0000   0.0078   
-586.0000   0.0040   
-584.0000   -0.0090   
-582.0000   0.0040   
-580.0000   0.0092   
-578.0000   -0.0096   
-576.0000   0.0088   
-574.0000   -0.0059   
-572.0000   0.0022   
-570.0000   -0.0008   
-568.0000   0.0003   
-566.0000   0.0039   
-564.0000   0.0112   
-562.0000   -0.0149   
-560.0000   -0.0030   
-558.0000   0.0167   
-556.0000   -0.0154   
-554.0000   0.0138   
-552.0000   0.0070   
-550.0000   0.0001   
-548.0000   -0.0097   
-546.0000   0.0081   
-544.0000   -0.0063   
-542.0000   -0.0038   
-540.0000   0.0031   
-538.0000   -0.0023   
-536.0000   0.0022   
-534.0000   -0.0032   
-532.0000   0.0055   
-530.0000   -0.0080   
-528.0000   0.0092   
-526.0000   0.0051   
-524.0000   0.0022   
-522.0000   -0.0005   
-520.0000   -0.0045   
-518.0000   0.0049   
-516.0000   0.0035   
-514.0000   -0.0086   
-512.0000   -0.0013   
-510.0000   0.0091   
-508.0000   -0.0063   
-506.0000   0.0028   
-504.0000   -0.0015   
-502.0000   0.0038   
-500.0000   -0.0082   
-498.0000   0.0124   
-496.0000   -0.0152   
-494.0000   0.0117   
-492.0000   0.0172   
-490.0000   0.0137   
-488.0000   -0.0018   
-486.0000   -0.0164   
-484.0000   0.0159   
-482.0000   -0.0157   
-480.0000   0.0156   
-478.0000   -0.0150   
-476.0000   0.0133   
-474.0000   -0.0112   
-472.0000   0.0098   
-470.0000   -0.0092   
-468.0000   0.0092   
-466.0000   0.0007   
-464.0000   -0.0018   
-462.0000   -0.0108   
-460.0000   0.0120   
-458.0000   -0.0129   
-456.0000   -0.0011   
-454.0000   0.0123   
-452.0000   -0.0108   
-450.0000   0.0096   
-448.0000   -0.0099   
-446.0000   0.0113   
-444.0000   -0.0094   
-442.0000   -0.0111   
-440.0000   -0.0123   
-438.0000   0.0091   
-436.0000   -0.0052   
-434.0000   0.0033   
-432.0000   0.0027   
-430.0000   -0.0072   
-428.0000   0.0104   
-426.0000   -0.0107   
-424.0000   -0.0146   
-422.0000   0.0157   
-420.0000   -0.0162   
-418.0000   0.0159   
-416.0000   -0.0138   
-414.0000   0.0053   
-412.0000   0.0072   
-410.0000   -0.0060   
-408.0000   0.0080   
-406.0000   -0.0125   
-404.0000   0.0169   
-402.0000   -0.0186   
-400.0000   -0.0060   
-398.0000   0.0158   
-396.0000   -0.0149   
-394.0000   0.0078   
-392.0000   0.0166   
-390.0000   -0.0174   
-388.0000   0.0165   
-386.0000   -0.0138   
-384.0000   0.0105   
-382.0000   -0.0080   
-380.0000   0.0074   
-378.0000   -0.0092   
-376.0000   0.0130   
-374.0000   -0.0163   
-372.0000   0.0167   
-370.0000   -0.0144   
-368.0000   -0.0085   
-366.0000   0.0104   
-364.0000   -0.0012   
-362.0000   -0.0149   
-360.0000   0.0059   
-358.0000   0.0203   
-356.0000   -0.0184   
-354.0000   -0.0053   
-352.0000   0.0085   
-350.0000   -0.0074   
-348.0000   0.0108   
-346.0000   -0.0154   
-344.0000   0.0173   
-342.0000   -0.0164   
-340.0000   0.0154   
-338.0000   -0.0002   
-336.0000   -0.0179   
-334.0000   0.0201   
-332.0000   0.0042   
-330.0000   -0.0037   
-328.0000   -0.0216   
-326.0000   -0.0091   
-324.0000   0.0187   
-322.0000   -0.0182   
-320.0000   0.0169   
-318.0000   0.0211   
-316.0000   -0.0228   
-314.0000   0.0222   
-312.0000   -0.0191   
-310.0000   0.0153   
-308.0000   -0.0106   
-306.0000   -0.0134   
-304.0000   0.0167   
-302.0000   0.0190   
-300.0000   -0.0219   
-298.0000   -0.0001   
-296.0000   0.0232   
-294.0000   -0.0218   
-292.0000   0.0198   
-290.0000   0.0054   
-288.0000   0.0011   
-286.0000   -0.0170   
-284.0000   0.0174   
-282.0000   -0.0174   
-280.0000   0.0162   
-278.0000   0.0158   
-276.0000   -0.0160   
-274.0000   0.0219   
-272.0000   -0.0117   
-270.0000   -0.0481   
-268.0000   -0.0511   
-266.0000   0.0525   
-264.0000   -0.0451   
-262.0000   0.0328   
-260.0000   -0.0231   
-258.0000   0.0025   
-256.0000   0.0203   
-254.0000   -0.0213   
-252.0000   0.0191   
-250.0000   -0.0151   
-248.0000   0.0136   
-246.0000   0.0131   
-244.0000   -0.0199   
-242.0000   -0.0257   
-240.0000   -0.0000   
-238.0000   0.0261   
-236.0000   -0.0075   
-234.0000   -0.0145   
-232.0000   0.0127   
-230.0000   -0.0214   
-228.0000   0.0376   
-226.0000   0.0623   
-224.0000   -0.0758   
-222.0000   0.0720   
-220.0000   -0.0525   
-218.0000   0.0307   
-216.0000   -0.0185   
-214.0000   0.0152   
-212.0000   -0.0125   
-210.0000   0.0089   
-208.0000   -0.0113   
-206.0000   0.0244   
-204.0000   -0.0417   
-202.0000   0.0525   
-200.0000   -0.0529   
-198.0000   0.0478   
-196.0000   -0.0425   
-194.0000   0.0373   
-192.0000   -0.0217   
-190.0000   -0.0236   
-188.0000   -0.0057   
-186.0000   0.0122   
-184.0000   -0.0027   
-182.0000   -0.0165   
-180.0000   0.0251   
-178.0000   -0.0340   
-176.0000   0.0383   
-174.0000   -0.0375   
-172.0000   0.0038   
-170.0000   0.0162   
-168.0000   0.0311   
-166.0000   0.0111   
-164.0000   -0.0423   
-162.0000   0.0310   
-160.0000   0.0604   
-158.0000   0.0348   
-156.0000   -0.0619   
-154.0000   0.0518   
-152.0000   -0.0392   
-150.0000   0.0315   
-148.0000   -0.0302   
-146.0000   0.0313   
-144.0000   -0.0319   
-142.0000   0.0331   
-140.0000   -0.0347   
-138.0000   0.0324   
-136.0000   -0.0240   
-134.0000   0.0152   
-132.0000   -0.0147   
-130.0000   0.0230   
-128.0000   -0.0331   
-126.0000   0.0392   
-124.0000   -0.0122   
-122.0000   -0.0454   
-120.0000   0.0504   
-118.0000   -0.0541   
-116.0000   0.0513   
-114.0000   -0.0429   
-112.0000   -0.0217   
-110.0000   -0.0060   
-108.0000   0.0212   
-106.0000   -0.0229   
-104.0000   -0.0048   
-102.0000   0.0293   
-100.0000   -0.0247   
-98.0000   0.0173   
-96.0000   -0.0162   
-94.0000   0.0234   
-92.0000   -0.0313   
-90.0000   0.0329   
-88.0000   -0.0083   
-86.0000   -0.0248   
-84.0000   0.0243   
-82.0000   0.0132   
-80.0000   -0.0286   
-78.0000   0.0254   
-76.0000   -0.0189   
-74.0000   0.0147   
-72.0000   0.0098   
-70.0000   -0.0165   
-68.0000   0.0170   
-66.0000   -0.0185   
-64.0000   0.0276   
-62.0000   -0.0469   
-60.0000   0.0700   
-58.0000   0.0168   
-56.0000   -0.0940   
-54.0000   0.0857   
-52.0000   -0.0668   
-50.0000   -0.0128   
-48.0000   0.0349   
-46.0000   -0.0373   
-44.0000   0.0493   
-42.0000   -0.0569   
-40.0000   0.0519   
-38.0000   -0.0410   
-36.0000   0.0352   
-34.0000   -0.0347   
-32.0000   0.0298   
-30.0000   -0.0181   
-28.0000   0.0120   
-26.0000   -0.0256   
-24.0000   0.0548   
-22.0000   -0.0783   
-20.0000   0.0783   
-18.0000   -0.0583   
-16.0000   0.0381   
-14.0000   -0.0320   
-12.0000   0.0378   
-10.0000   -0.0438   
-8.0000   0.0400   
-6.0000   0.0395   
-4.0000   -0.0337   
-2.0000   0.0185   
0.0000   0.0262   
2.0000   -0.0248   
4.0000   0.0234   
6.0000   -0.0198   
8.0000   0.0137   
10.0000   -0.0084   
12.0000   0.0096   
14.0000   -0.0206   
16.0000   0.0370   
18.0000   -0.0491   
20.0000   0.0504   
22.0000   0.0092   
24.0000   -0.0320   
26.0000   0.0241   
28.0000   -0.0210   
30.0000   0.0070   
32.0000   0.0216   
34.0000   0.0023   
36.0000   -0.0224   
38.0000   0.0243   
40.0000   -0.0096   
42.0000   -0.0325   
44.0000   0.0353   
46.0000   -0.0344   
48.0000   0.0168   
50.0000   0.0244   
52.0000   -0.0208   
54.0000   0.0199   
56.0000   -0.0203   
58.0000   0.0240   
60.0000   0.0253   
62.0000   0.0175   
64.0000   -0.0405   
66.0000   0.0142   
68.0000   0.0565   
70.0000   -0.0554   
72.0000   0.0443   
74.0000   -0.0273   
76.0000   0.0136   
78.0000   -0.0092   
80.0000   0.0151   
82.0000   0.0186   
84.0000   -0.0224   
86.0000   0.0009   
88.0000   0.0212   
90.0000   -0.0212   
92.0000   0.0091   
94.0000   0.0263   
96.0000   -0.0274   
98.0000   0.0248   
100.0000   -0.0192   
102.0000   0.0142   
104.0000   0.0015   
106.0000   -0.0151   
108.0000   0.0211   
110.0000   -0.0285   
112.0000   -0.0212   
114.0000   -0.0015   
116.0000   0.0387   
118.0000   -0.0351   
120.0000   0.0298   
122.0000   0.0212   
124.0000   -0.0249   
126.0000   -0.0126   
128.0000   0.0218   
130.0000   0.0362   
132.0000   -0.0334   
134.0000   -0.0391   
136.0000   0.0335   
138.0000   -0.0238   
140.0000   0.0142   
142.0000   -0.0076   
144.0000   0.0035   
146.0000   -0.0013   
148.0000   0.0032   
150.0000   -0.0114   
152.0000   0.0242   
154.0000   0.0244   
156.0000   -0.0135   
158.0000   -0.0490   
160.0000   0.0420   
162.0000   0.0023   
164.0000   -0.0177   
166.0000   0.0161   
168.0000   -0.0241   
170.0000   0.0333   
172.0000   -0.0358   
174.0000   0.0149   
176.0000   0.0261   
178.0000   0.0068   
180.0000   -0.0266   
182.0000   0.0361   
184.0000   0.0371   
186.0000   -0.0556   
188.0000   0.0525   
190.0000   -0.0389   
192.0000   0.0227   
194.0000   -0.0127   
196.0000   0.0080   
198.0000   0.0172   
200.0000   -0.0253   
202.0000   0.0052   
204.0000   0.0358   
206.0000   -0.0340   
208.0000   0.0078   
210.0000   0.0219   
212.0000   -0.0180   
214.0000   -0.0163   
216.0000   0.0173   
218.0000   -0.0166   
220.0000   0.0146   
222.0000   -0.0134   
224.0000   -0.0113   
226.0000   0.0179   
228.0000   -0.0212   
230.0000   0.0219   
232.0000   0.0071   
234.0000   -0.0151   
236.0000   0.0137   
238.0000   -0.0186   
240.0000   0.0293   
242.0000   -0.0386   
244.0000   0.0393   
246.0000   -0.0333   
248.0000   0.0303   
250.0000   -0.0358   
252.0000   0.0440   
254.0000   -0.0457   
256.0000   0.0282   
258.0000   0.0285   
260.0000   -0.0208   
262.0000   -0.0060   
264.0000   0.0207   
266.0000   -0.0239   
268.0000   -0.0089   
270.0000   0.0244   
272.0000   0.0194   
274.0000   -0.0152   
276.0000   0.0112   
278.0000   -0.0052   
280.0000   -0.0117   
282.0000   0.0037   
284.0000   0.0199   
286.0000   -0.0230   
288.0000   0.0239   
290.0000   -0.0150   
292.0000   -0.0205   
294.0000   -0.0084   
296.0000   0.0156   
298.0000   -0.0136   
300.0000   0.0118   
302.0000   -0.0014   
304.0000   -0.0098   
306.0000   0.0101   
308.0000   -0.0118   
310.0000   0.0155   
312.0000   -0.0208   
314.0000   0.0102   
316.0000   0.0317   
318.0000   -0.0168   
320.0000   -0.0355   
322.0000   0.0337   
324.0000   -0.0046   
326.0000   -0.0272   
328.0000   0.0253   
330.0000   -0.0081   
332.0000   -0.0235   
334.0000   0.0213   
336.0000   -0.0188   
338.0000   0.0190   
340.0000   -0.0234   
342.0000   0.0303   
344.0000   -0.0357   
346.0000   0.0370   
348.0000   -0.0342   
350.0000   0.0294   
352.0000   -0.0245   
354.0000   -0.0211   
356.0000   0.0185   
358.0000   -0.0105   
360.0000   -0.0174   
362.0000   0.0177   
364.0000   -0.0079   
366.0000   -0.0173   
368.0000   0.0163   
370.0000   -0.0046   
372.0000   -0.0160   
374.0000   0.0181   
376.0000   -0.0209   
378.0000   0.0220   
380.0000   -0.0017   
382.0000   -0.0161   
384.0000   0.0114   
386.0000   -0.0078   
388.0000   0.0047   
390.0000   0.0052   
392.0000   -0.0045   
394.0000   0.0038   
396.0000   -0.0043   
398.0000   0.0076   
400.0000   -0.0133   
402.0000   0.0184   
404.0000   -0.0204   
406.0000   0.0197   
408.0000   -0.0191   
410.0000   0.0198   
412.0000   -0.0203   
414.0000   0.0189   
416.0000   0.0033   
418.0000   -0.0023   
420.0000   -0.0082   
422.0000   -0.0040   
424.0000   0.0067   
426.0000   0.0057   
428.0000   -0.0018   
430.0000   -0.0129   
432.0000   0.0126   
434.0000   -0.0097   
436.0000   0.0059   
438.0000   -0.0030   
440.0000   -0.0017   
442.0000   0.0014   
444.0000   -0.0020   
446.0000   0.0037   
448.0000   -0.0072   
450.0000   0.0109   
452.0000   -0.0121   
454.0000   0.0104   
456.0000   0.0053   
458.0000   -0.0025   
460.0000   -0.0081   
462.0000   0.0147   
464.0000   -0.0233   
466.0000   0.0280   
468.0000   -0.0254   
470.0000   0.0179   
472.0000   0.0137   
474.0000   -0.0064   
476.0000   0.0082   
478.0000   -0.0139   
480.0000   0.0185   
482.0000   -0.0175   
484.0000   0.0112   
486.0000   -0.0040   
488.0000   0.0013   
490.0000   -0.0049   
492.0000   0.0115   
494.0000   -0.0153   
496.0000   0.0126   
498.0000   -0.0055   
500.0000   0.0003   
502.0000   -0.0016   
504.0000   0.0093   
506.0000   0.0191   
508.0000   -0.0259   
510.0000   0.0258   
512.0000   -0.0187   
514.0000   0.0092   
516.0000   -0.0026   
518.0000   0.0006   
520.0000   0.0031   
522.0000   -0.0059   
524.0000   -0.0100   
526.0000   0.0102   
528.0000   -0.0076   
530.0000   0.0053   
532.0000   -0.0058   
534.0000   0.0087   
536.0000   -0.0108   
538.0000   0.0100   
540.0000   -0.0074   
542.0000   0.0051   
544.0000   -0.0003   
546.0000   -0.0040   
548.0000   0.0048   
550.0000   -0.0061   
552.0000   0.0076   
554.0000   -0.0085   
556.0000   0.0082   
558.0000   0.0027   
560.0000   -0.0051   
562.0000   0.0034   
564.0000   -0.0026   
566.0000   0.0021   
568.0000   0.0046   
570.0000   -0.0072   
572.0000   0.0099   
574.0000   0.0083   
576.0000   -0.0117   
578.0000   0.0103   
580.0000   -0.0089   
582.0000   -0.0061   
584.0000   0.0104   
586.0000   0.0061   
588.0000   -0.0103   
590.0000   0.0059   
592.0000   -0.0013   
594.0000   0.0008   
596.0000   0.0008   
598.0000   -0.0053   
600.0000   0.0046   
602.0000   -0.0028   
604.0000   0.0032   
606.0000   -0.0055   
608.0000   0.0077   
610.0000   -0.0083   
612.0000   0.0080   
614.0000   -0.0081   
616.0000   0.0098   
618.0000   -0.0124   
620.0000   0.0138   
622.0000   -0.0121   
624.0000   0.0074   
626.0000   -0.0027   
628.0000   0.0010   
630.0000   -0.0036   
632.0000   0.0084   
634.0000   -0.0122   
636.0000   -0.0074   
638.0000   0.0113   
640.0000   -0.0082   
642.0000   0.0059   
644.0000   -0.0061   
646.0000   0.0079   
648.0000   0.0041   
650.0000   -0.0113   
652.0000   -0.0080   
654.0000   0.0047   
656.0000   0.0126   
658.0000   -0.0098   
660.0000   -0.0147   
662.0000   0.0169   
664.0000   -0.0188   
666.0000   0.0193   
668.0000   -0.0182   
670.0000   0.0034   
672.0000   0.0156   
674.0000   0.0089   
676.0000   -0.0161   
678.0000   0.0165   
680.0000   -0.0157   
682.0000   0.0141   
684.0000   -0.0143   
686.0000   0.0105   
688.0000   0.0203   
690.0000   -0.0218   
692.0000   0.0189   
694.0000   -0.0119   
696.0000   -0.0083   
698.0000   0.0002   
700.0000   -0.0030   
702.0000   0.0112   
704.0000   -0.0187   
706.0000   0.0200   
708.0000   -0.0157   
710.0000   0.0107   
712.0000   -0.0010   
714.0000   -0.0097   
716.0000   0.0130   
718.0000   -0.0162   
720.0000   -0.0085   
722.0000   0.0163   
724.0000   -0.0142   
726.0000   0.0098   
728.0000   0.0112   
730.0000   -0.0114   
732.0000   -0.0129   
734.0000   0.0134   
736.0000   -0.0119   
738.0000   0.0085   
740.0000   -0.0060   
742.0000   0.0067   
744.0000   -0.0053   
746.0000   -0.0139   
748.0000   0.0162   
750.0000   0.0055   
752.0000   -0.0147   
754.0000   -0.0023   
756.0000   0.0107   
758.0000   -0.0102   
760.0000   0.0112   
762.0000   -0.0132   
764.0000   0.0150   
766.0000   -0.0160   
768.0000   0.0171   
770.0000   -0.0198   
772.0000   -0.0028   
774.0000   0.0272   
776.0000   0.0035   
778.0000   -0.0251   
780.0000   0.0182   
782.0000   -0.0100   
784.0000   -0.0002   
786.0000   0.0069   
788.0000   0.0089   
790.0000   -0.0198   
792.0000   0.0311   
794.0000   -0.0354   
796.0000   -0.0068   
798.0000   0.0211   
800.0000   0.0090   
802.0000   -0.0033   
804.0000   0.0015   
806.0000   -0.0017   
808.0000   -0.0082   
810.0000   0.0099   
812.0000   -0.0094   
814.0000   0.0097   
816.0000   -0.0135   
818.0000   0.0204   
820.0000   -0.0273   
822.0000   0.0309   
824.0000   -0.0301   
826.0000   0.0224   
828.0000   0.0228   
830.0000   -0.0210   
832.0000   -0.0233   
834.0000   0.0285   
836.0000   -0.0341   
838.0000   0.0364   
840.0000   -0.0342   
842.0000   0.0290   
844.0000   -0.0224   
846.0000   0.0166   
848.0000   -0.0144   
850.0000   0.0174   
852.0000   -0.0236   
854.0000   -0.0001   
856.0000   0.0366   
858.0000   -0.0417   
860.0000   0.0467   
862.0000   -0.0514   
864.0000   0.0536   
866.0000   -0.0526   
868.0000   0.0482   
870.0000   0.0512   
872.0000   0.0315   
874.0000   -0.0644   
876.0000   0.0723   
878.0000   -0.0728   
880.0000   0.0620   
882.0000   -0.0466   
884.0000   0.0385   
886.0000   0.0132   
888.0000   -0.0598   
890.0000   0.0831   
892.0000   0.0243   
894.0000   -0.0697   
896.0000   -0.1396   
898.0000   0.0410   
900.0000   0.1215   
902.0000   -0.0919   
904.0000   -0.0115   
906.0000   0.0265   
908.0000   -0.0138   
910.0000   0.0236   
912.0000   0.0138   
914.0000   -0.1387   
916.0000   -0.1432   
918.0000   -0.1389   
920.0000   0.2216   
922.0000   -0.2350   
924.0000   0.2214   
926.0000   -0.1846   
928.0000   0.1440   
930.0000   -0.1207   
932.0000   -0.0012   
934.0000   0.1226   
936.0000   -0.1209   
938.0000   0.1105   
940.0000   -0.1060   
942.0000   -0.1335   
944.0000   0.2038   
946.0000   -0.2968   
948.0000   0.3510   
950.0000   -0.3166   
952.0000   0.2069   
954.0000   -0.0917   
956.0000   0.0365   
958.0000   -0.0604   
960.0000   -0.1948   
962.0000   -0.2189   
964.0000   0.3050   
966.0000   -0.3664   
968.0000   0.4044   
970.0000   0.1862   
972.0000   0.0722   
974.0000   -0.4398   
976.0000   0.0466   
978.0000   0.4147   
980.0000   0.1538   
982.0000   -0.0297   
984.0000   -0.3144   
986.0000   0.0227   
988.0000   0.2476   
990.0000   -0.2404   
992.0000   0.2586   
994.0000   -0.2900   
996.0000   0.0546   
998.0000   0.3254   
1000.0000   0.2002   
