-1000.0000   0.0654   
-998.0000   0.0793   
-996.0000   0.0858   
-994.0000   0.0814   
-992.0000   0.0650   
-990.0000   0.0367   
-988.0000   0.0001   
-986.0000   -0.0379   
-984.0000   -0.0707   
-982.0000   -0.0912   
-980.0000   -0.0920   
-978.0000   -0.0693   
-976.0000   -0.0302   
-974.0000   0.0150   
-972.0000   0.0567   
-970.0000   0.0872   
-968.0000   0.1011   
-966.0000   0.0932   
-964.0000   0.0607   
-962.0000   0.0108   
-960.0000   -0.0416   
-958.0000   -0.0827   
-956.0000   -0.1038   
-954.0000   -0.0998   
-952.0000   -0.0757   
-950.0000   -0.0388   
-948.0000   0.0032   
-946.0000   0.0431   
-944.0000   0.0736   
-942.0000   0.0892   
-940.0000   0.0887   
-938.0000   0.0719   
-936.0000   0.0398   
-934.0000   0.0014   
-932.0000   -0.0324   
-930.0000   -0.0524   
-928.0000   -0.0574   
-926.0000   -0.0481   
-924.0000   -0.0269   
-922.0000   -0.0028   
-920.0000   0.0150   
-918.0000   0.0249   
-916.0000   0.0274   
-914.0000   0.0233   
-912.0000   0.0151   
-910.0000   0.0057   
-908.0000   -0.0021   
-906.0000   -0.0060   
-904.0000   -0.0066   
-902.0000   -0.0052   
-900.0000   -0.0034   
-898.0000   -0.0017   
-896.0000   -0.0004   
-894.0000   0.0003   
-892.0000   0.0001   
-890.0000   -0.0004   
-888.0000   -0.0008   
-886.0000   -0.0003   
-884.0000   0.0008   
-882.0000   0.0023   
-880.0000   0.0039   
-878.0000   0.0051   
-876.0000   0.0058   
-874.0000   0.0057   
-872.0000   0.0045   
-870.0000   0.0018   
-868.0000   -0.0024   
-866.0000   -0.0068   
-864.0000   -0.0098   
-862.0000   -0.0100   
-860.0000   -0.0063   
-858.0000   -0.0001   
-856.0000   0.0062   
-854.0000   0.0098   
-852.0000   0.0082   
-850.0000   0.0028   
-848.0000   -0.0034   
-846.0000   -0.0074   
-844.0000   -0.0078   
-842.0000   -0.0040   
-840.0000   0.0016   
-838.0000   0.0059   
-836.0000   0.0063   
-834.0000   0.0038   
-832.0000   0.0001   
-830.0000   -0.0033   
-828.0000   -0.0051   
-826.0000   -0.0046   
-824.0000   -0.0017   
-822.0000   0.0016   
-820.0000   0.0033   
-818.0000   0.0033   
-816.0000   0.0019   
-814.0000   -0.0001   
-812.0000   -0.0017   
-810.0000   -0.0020   
-808.0000   -0.0007   
-806.0000   0.0010   
-804.0000   0.0020   
-802.0000   0.0015   
-800.0000   -0.0009   
-798.0000   -0.0039   
-796.0000   -0.0051   
-794.0000   -0.0024   
-792.0000   0.0047   
-790.0000   0.0114   
-788.0000   0.0117   
-786.0000   0.0027   
-784.0000   -0.0092   
-782.0000   -0.0175   
-780.0000   -0.0171   
-778.0000   -0.0082   
-776.0000   0.0048   
-774.0000   0.0168   
-772.0000   0.0243   
-770.0000   0.0264   
-768.0000   0.0231   
-766.0000   0.0153   
-764.0000   0.0057   
-762.0000   -0.0026   
-760.0000   -0.0076   
-758.0000   -0.0101   
-756.0000   -0.0117   
-754.0000   -0.0132   
-752.0000   -0.0152   
-750.0000   -0.0183   
-748.0000   -0.0215   
-746.0000   -0.0239   
-744.0000   -0.0248   
-742.0000   -0.0242   
-740.0000   -0.0227   
-738.0000   -0.0207   
-736.0000   -0.0185   
-734.0000   -0.0162   
-732.0000   -0.0137   
-730.0000   -0.0109   
-728.0000   -0.0080   
-726.0000   -0.0052   
-724.0000   -0.0026   
-722.0000   -0.0002   
-720.0000   0.0019   
-718.0000   0.0036   
-716.0000   0.0047   
-714.0000   0.0048   
-712.0000   0.0039   
-710.0000   0.0022   
-708.0000   0.0006   
-706.0000   -0.0006   
-704.0000   -0.0009   
-702.0000   -0.0006   
-700.0000   -0.0004   
-698.0000   -0.0002   
-696.0000   -0.0001   
-694.0000   -0.0001   
-692.0000   -0.0001   
-690.0000   0.0001   
-688.0000   0.0005   
-686.0000   0.0007   
-684.0000   0.0001   
-682.0000   -0.0009   
-680.0000   -0.0014   
-678.0000   -0.0007   
-676.0000   0.0007   
-674.0000   0.0018   
-672.0000   0.0021   
-670.0000   0.0012   
-668.0000   -0.0007   
-666.0000   -0.0024   
-664.0000   -0.0024   
-662.0000   -0.0011   
-660.0000   0.0009   
-658.0000   0.0023   
-656.0000   0.0020   
-654.0000   0.0006   
-652.0000   -0.0008   
-650.0000   -0.0017   
-648.0000   -0.0019   
-646.0000   -0.0010   
-644.0000   0.0002   
-642.0000   0.0013   
-640.0000   0.0016   
-638.0000   0.0006   
-636.0000   -0.0007   
-634.0000   -0.0014   
-632.0000   -0.0013   
-630.0000   -0.0005   
-628.0000   0.0007   
-626.0000   0.0012   
-624.0000   0.0009   
-622.0000   0.0002   
-620.0000   -0.0005   
-618.0000   -0.0009   
-616.0000   -0.0009   
-614.0000   -0.0002   
-612.0000   0.0006   
-610.0000   0.0009   
-608.0000   0.0006   
-606.0000   0.0001   
-604.0000   -0.0005   
-602.0000   -0.0010   
-600.0000   -0.0010   
-598.0000   -0.0006   
-596.0000   0.0002   
-594.0000   0.0009   
-592.0000   0.0013   
-590.0000   0.0010   
-588.0000   0.0003   
-586.0000   -0.0005   
-584.0000   -0.0012   
-582.0000   -0.0015   
-580.0000   -0.0014   
-578.0000   -0.0007   
-576.0000   -0.0000   
-574.0000   0.0003   
-572.0000   0.0003   
-570.0000   0.0004   
-568.0000   0.0007   
-566.0000   0.0013   
-564.0000   0.0020   
-562.0000   0.0019   
-560.0000   0.0011   
-558.0000   -0.0004   
-556.0000   -0.0019   
-554.0000   -0.0028   
-552.0000   -0.0026   
-550.0000   -0.0014   
-548.0000   0.0004   
-546.0000   0.0022   
-544.0000   0.0036   
-542.0000   0.0044   
-540.0000   0.0046   
-538.0000   0.0041   
-536.0000   0.0032   
-534.0000   0.0019   
-532.0000   0.0002   
-530.0000   -0.0017   
-528.0000   -0.0036   
-526.0000   -0.0051   
-524.0000   -0.0061   
-522.0000   -0.0062   
-520.0000   -0.0054   
-518.0000   -0.0038   
-516.0000   -0.0018   
-514.0000   0.0002   
-512.0000   0.0020   
-510.0000   0.0036   
-508.0000   0.0048   
-506.0000   0.0054   
-504.0000   0.0054   
-502.0000   0.0045   
-500.0000   0.0029   
-498.0000   0.0010   
-496.0000   -0.0010   
-494.0000   -0.0026   
-492.0000   -0.0034   
-490.0000   -0.0034   
-488.0000   -0.0025   
-486.0000   -0.0011   
-484.0000   0.0003   
-482.0000   0.0015   
-480.0000   0.0021   
-478.0000   0.0018   
-476.0000   0.0004   
-474.0000   -0.0011   
-472.0000   -0.0021   
-470.0000   -0.0021   
-468.0000   -0.0013   
-466.0000   0.0002   
-464.0000   0.0019   
-462.0000   0.0028   
-460.0000   0.0025   
-458.0000   0.0012   
-456.0000   -0.0005   
-454.0000   -0.0023   
-452.0000   -0.0037   
-450.0000   -0.0041   
-448.0000   -0.0031   
-446.0000   -0.0010   
-444.0000   0.0017   
-442.0000   0.0039   
-440.0000   0.0044   
-438.0000   0.0032   
-436.0000   0.0007   
-434.0000   -0.0021   
-432.0000   -0.0040   
-430.0000   -0.0042   
-428.0000   -0.0030   
-426.0000   -0.0010   
-424.0000   0.0010   
-422.0000   0.0028   
-420.0000   0.0038   
-418.0000   0.0037   
-416.0000   0.0023   
-414.0000   -0.0001   
-412.0000   -0.0024   
-410.0000   -0.0035   
-408.0000   -0.0032   
-406.0000   -0.0014   
-404.0000   0.0009   
-402.0000   0.0027   
-400.0000   0.0033   
-398.0000   0.0029   
-396.0000   0.0017   
-394.0000   0.0001   
-392.0000   -0.0016   
-390.0000   -0.0029   
-388.0000   -0.0029   
-386.0000   -0.0014   
-384.0000   0.0007   
-382.0000   0.0023   
-380.0000   0.0026   
-378.0000   0.0011   
-376.0000   -0.0011   
-374.0000   -0.0025   
-372.0000   -0.0019   
-370.0000   -0.0000   
-368.0000   0.0019   
-366.0000   0.0026   
-364.0000   0.0011   
-362.0000   -0.0013   
-360.0000   -0.0030   
-358.0000   -0.0033   
-356.0000   -0.0020   
-354.0000   0.0006   
-352.0000   0.0033   
-350.0000   0.0043   
-348.0000   0.0025   
-346.0000   -0.0007   
-344.0000   -0.0039   
-342.0000   -0.0053   
-340.0000   -0.0041   
-338.0000   -0.0010   
-336.0000   0.0025   
-334.0000   0.0052   
-332.0000   0.0064   
-330.0000   0.0064   
-328.0000   0.0050   
-326.0000   0.0024   
-324.0000   -0.0010   
-322.0000   -0.0044   
-320.0000   -0.0067   
-318.0000   -0.0069   
-316.0000   -0.0044   
-314.0000   -0.0004   
-312.0000   0.0035   
-310.0000   0.0062   
-308.0000   0.0065   
-306.0000   0.0042   
-304.0000   0.0003   
-302.0000   -0.0033   
-300.0000   -0.0055   
-298.0000   -0.0060   
-296.0000   -0.0048   
-294.0000   -0.0022   
-292.0000   0.0012   
-290.0000   0.0044   
-288.0000   0.0060   
-286.0000   0.0048   
-284.0000   0.0010   
-282.0000   -0.0036   
-280.0000   -0.0068   
-278.0000   -0.0065   
-276.0000   -0.0022   
-274.0000   0.0034   
-272.0000   0.0074   
-270.0000   0.0087   
-268.0000   0.0071   
-266.0000   0.0028   
-264.0000   -0.0020   
-262.0000   -0.0056   
-260.0000   -0.0082   
-258.0000   -0.0103   
-256.0000   -0.0118   
-254.0000   -0.0126   
-252.0000   -0.0125   
-250.0000   -0.0110   
-248.0000   -0.0080   
-246.0000   -0.0036   
-244.0000   0.0016   
-242.0000   0.0072   
-240.0000   0.0119   
-238.0000   0.0146   
-236.0000   0.0141   
-234.0000   0.0092   
-232.0000   -0.0002   
-230.0000   -0.0094   
-228.0000   -0.0139   
-226.0000   -0.0116   
-224.0000   -0.0022   
-222.0000   0.0079   
-220.0000   0.0124   
-218.0000   0.0112   
-216.0000   0.0063   
-214.0000   0.0009   
-212.0000   -0.0025   
-210.0000   -0.0042   
-208.0000   -0.0054   
-206.0000   -0.0061   
-204.0000   -0.0070   
-202.0000   -0.0076   
-200.0000   -0.0066   
-198.0000   -0.0036   
-196.0000   0.0010   
-194.0000   0.0048   
-192.0000   0.0054   
-190.0000   0.0034   
-188.0000   0.0004   
-186.0000   -0.0022   
-184.0000   -0.0037   
-182.0000   -0.0038   
-180.0000   -0.0023   
-178.0000   -0.0000   
-176.0000   0.0019   
-174.0000   0.0028   
-172.0000   0.0027   
-170.0000   0.0019   
-168.0000   0.0006   
-166.0000   -0.0009   
-164.0000   -0.0019   
-162.0000   -0.0017   
-160.0000   -0.0008   
-158.0000   0.0005   
-156.0000   0.0016   
-154.0000   0.0022   
-152.0000   0.0017   
-150.0000   -0.0000   
-148.0000   -0.0021   
-146.0000   -0.0036   
-144.0000   -0.0035   
-142.0000   -0.0010   
-140.0000   0.0034   
-138.0000   0.0057   
-136.0000   0.0025   
-134.0000   -0.0035   
-132.0000   -0.0073   
-130.0000   -0.0031   
-128.0000   0.0042   
-126.0000   0.0082   
-124.0000   0.0071   
-122.0000   0.0009   
-120.0000   -0.0061   
-118.0000   -0.0086   
-116.0000   -0.0034   
-114.0000   0.0043   
-112.0000   0.0083   
-110.0000   0.0079   
-108.0000   0.0036   
-106.0000   -0.0033   
-104.0000   -0.0074   
-102.0000   -0.0045   
-100.0000   0.0016   
-98.0000   0.0058   
-96.0000   0.0059   
-94.0000   0.0018   
-92.0000   -0.0029   
-90.0000   -0.0044   
-88.0000   -0.0032   
-86.0000   -0.0009   
-84.0000   0.0012   
-82.0000   0.0023   
-80.0000   0.0021   
-78.0000   0.0007   
-76.0000   -0.0008   
-74.0000   -0.0012   
-72.0000   -0.0006   
-70.0000   0.0005   
-68.0000   0.0014   
-66.0000   0.0018   
-64.0000   0.0010   
-62.0000   -0.0004   
-60.0000   -0.0021   
-58.0000   -0.0036   
-56.0000   -0.0044   
-54.0000   -0.0042   
-52.0000   -0.0028   
-50.0000   -0.0006   
-48.0000   0.0021   
-46.0000   0.0048   
-44.0000   0.0070   
-42.0000   0.0083   
-40.0000   0.0082   
-38.0000   0.0060   
-36.0000   0.0023   
-34.0000   -0.0023   
-32.0000   -0.0064   
-30.0000   -0.0088   
-28.0000   -0.0086   
-26.0000   -0.0063   
-24.0000   -0.0025   
-22.0000   0.0020   
-20.0000   0.0056   
-18.0000   0.0058   
-16.0000   0.0022   
-14.0000   -0.0022   
-12.0000   -0.0039   
-10.0000   -0.0012   
-8.0000   0.0017   
-6.0000   0.0027   
-4.0000   0.0010   
-2.0000   -0.0014   
0.0000   -0.0026   
2.0000   -0.0010   
4.0000   0.0018   
6.0000   0.0037   
8.0000   0.0030   
10.0000   0.0004   
12.0000   -0.0028   
14.0000   -0.0054   
16.0000   -0.0066   
18.0000   -0.0058   
20.0000   -0.0039   
22.0000   -0.0020   
24.0000   0.0000   
26.0000   0.0023   
28.0000   0.0046   
30.0000   0.0067   
32.0000   0.0082   
34.0000   0.0090   
36.0000   0.0086   
38.0000   0.0068   
40.0000   0.0039   
42.0000   0.0002   
44.0000   -0.0038   
46.0000   -0.0067   
48.0000   -0.0070   
50.0000   -0.0050   
52.0000   -0.0016   
54.0000   0.0020   
56.0000   0.0047   
58.0000   0.0052   
60.0000   0.0029   
62.0000   -0.0008   
64.0000   -0.0038   
66.0000   -0.0046   
68.0000   -0.0033   
70.0000   -0.0004   
72.0000   0.0026   
74.0000   0.0045   
76.0000   0.0042   
78.0000   0.0024   
80.0000   0.0004   
82.0000   -0.0015   
84.0000   -0.0028   
86.0000   -0.0032   
88.0000   -0.0024   
90.0000   -0.0008   
92.0000   0.0009   
94.0000   0.0019   
96.0000   0.0014   
98.0000   0.0002   
100.0000   -0.0010   
102.0000   -0.0017   
104.0000   -0.0012   
106.0000   0.0002   
108.0000   0.0021   
110.0000   0.0034   
112.0000   0.0035   
114.0000   0.0025   
116.0000   0.0006   
118.0000   -0.0017   
120.0000   -0.0043   
122.0000   -0.0066   
124.0000   -0.0081   
126.0000   -0.0082   
128.0000   -0.0069   
130.0000   -0.0043   
132.0000   -0.0007   
134.0000   0.0032   
136.0000   0.0064   
138.0000   0.0079   
140.0000   0.0072   
142.0000   0.0047   
144.0000   0.0014   
146.0000   -0.0014   
148.0000   -0.0033   
150.0000   -0.0042   
152.0000   -0.0038   
154.0000   -0.0021   
156.0000   -0.0000   
158.0000   0.0015   
160.0000   0.0019   
162.0000   0.0010   
164.0000   -0.0010   
166.0000   -0.0021   
168.0000   -0.0009   
170.0000   0.0016   
172.0000   0.0036   
174.0000   0.0032   
176.0000   0.0005   
178.0000   -0.0038   
180.0000   -0.0063   
182.0000   -0.0044   
184.0000   0.0005   
186.0000   0.0058   
188.0000   0.0087   
190.0000   0.0072   
192.0000   0.0026   
194.0000   -0.0025   
196.0000   -0.0065   
198.0000   -0.0088   
200.0000   -0.0093   
202.0000   -0.0080   
204.0000   -0.0048   
206.0000   -0.0003   
208.0000   0.0038   
210.0000   0.0060   
212.0000   0.0063   
214.0000   0.0050   
216.0000   0.0028   
218.0000   0.0007   
220.0000   -0.0007   
222.0000   -0.0014   
224.0000   -0.0016   
226.0000   -0.0016   
228.0000   -0.0014   
230.0000   -0.0008   
232.0000   0.0001   
234.0000   0.0007   
236.0000   0.0003   
238.0000   -0.0006   
240.0000   -0.0015   
242.0000   -0.0009   
244.0000   0.0014   
246.0000   0.0030   
248.0000   0.0022   
250.0000   -0.0014   
252.0000   -0.0045   
254.0000   -0.0041   
256.0000   -0.0009   
258.0000   0.0030   
260.0000   0.0052   
262.0000   0.0039   
264.0000   0.0004   
266.0000   -0.0030   
268.0000   -0.0045   
270.0000   -0.0040   
272.0000   -0.0019   
274.0000   0.0012   
276.0000   0.0033   
278.0000   0.0029   
280.0000   0.0010   
282.0000   -0.0010   
284.0000   -0.0023   
286.0000   -0.0024   
288.0000   -0.0012   
290.0000   0.0007   
292.0000   0.0022   
294.0000   0.0026   
296.0000   0.0018   
298.0000   0.0004   
300.0000   -0.0013   
302.0000   -0.0027   
304.0000   -0.0035   
306.0000   -0.0035   
308.0000   -0.0026   
310.0000   -0.0009   
312.0000   0.0011   
314.0000   0.0028   
316.0000   0.0039   
318.0000   0.0045   
320.0000   0.0045   
322.0000   0.0040   
324.0000   0.0030   
326.0000   0.0016   
328.0000   0.0001   
330.0000   -0.0013   
332.0000   -0.0024   
334.0000   -0.0031   
336.0000   -0.0036   
338.0000   -0.0040   
340.0000   -0.0042   
342.0000   -0.0042   
344.0000   -0.0041   
346.0000   -0.0038   
348.0000   -0.0033   
350.0000   -0.0026   
352.0000   -0.0017   
354.0000   -0.0006   
356.0000   0.0006   
358.0000   0.0017   
360.0000   0.0024   
362.0000   0.0026   
364.0000   0.0022   
366.0000   0.0013   
368.0000   0.0001   
370.0000   -0.0010   
372.0000   -0.0016   
374.0000   -0.0016   
376.0000   -0.0008   
378.0000   0.0002   
380.0000   0.0008   
382.0000   0.0009   
384.0000   0.0006   
386.0000   0.0001   
388.0000   -0.0004   
390.0000   -0.0005   
392.0000   -0.0003   
394.0000   0.0002   
396.0000   0.0005   
398.0000   0.0002   
400.0000   -0.0003   
402.0000   -0.0006   
404.0000   -0.0005   
406.0000   0.0002   
408.0000   0.0008   
410.0000   0.0008   
412.0000   0.0004   
414.0000   -0.0002   
416.0000   -0.0007   
418.0000   -0.0010   
420.0000   -0.0010   
422.0000   -0.0007   
424.0000   -0.0002   
426.0000   0.0001   
428.0000   0.0003   
430.0000   0.0003   
432.0000   0.0004   
434.0000   0.0005   
436.0000   0.0005   
438.0000   0.0004   
440.0000   0.0001   
442.0000   -0.0001   
444.0000   -0.0003   
446.0000   -0.0002   
448.0000   0.0002   
450.0000   0.0004   
452.0000   0.0000   
454.0000   -0.0005   
456.0000   -0.0008   
458.0000   -0.0004   
460.0000   0.0008   
462.0000   0.0016   
464.0000   0.0011   
466.0000   -0.0003   
468.0000   -0.0020   
470.0000   -0.0029   
472.0000   -0.0024   
474.0000   -0.0007   
476.0000   0.0016   
478.0000   0.0036   
480.0000   0.0045   
482.0000   0.0040   
484.0000   0.0022   
486.0000   -0.0007   
488.0000   -0.0036   
490.0000   -0.0052   
492.0000   -0.0046   
494.0000   -0.0024   
496.0000   0.0008   
498.0000   0.0036   
500.0000   0.0050   
502.0000   0.0040   
504.0000   0.0015   
506.0000   -0.0013   
508.0000   -0.0034   
510.0000   -0.0041   
512.0000   -0.0030   
514.0000   -0.0006   
516.0000   0.0018   
518.0000   0.0031   
520.0000   0.0033   
522.0000   0.0025   
524.0000   0.0009   
526.0000   -0.0013   
528.0000   -0.0028   
530.0000   -0.0030   
532.0000   -0.0017   
534.0000   0.0003   
536.0000   0.0021   
538.0000   0.0029   
540.0000   0.0025   
542.0000   0.0012   
544.0000   -0.0005   
546.0000   -0.0020   
548.0000   -0.0026   
550.0000   -0.0024   
552.0000   -0.0014   
554.0000   0.0001   
556.0000   0.0014   
558.0000   0.0020   
560.0000   0.0019   
562.0000   0.0014   
564.0000   0.0005   
566.0000   -0.0003   
568.0000   -0.0009   
570.0000   -0.0010   
572.0000   -0.0007   
574.0000   -0.0003   
576.0000   0.0002   
578.0000   0.0006   
580.0000   0.0007   
582.0000   0.0004   
584.0000   -0.0002   
586.0000   -0.0007   
588.0000   -0.0011   
590.0000   -0.0011   
592.0000   -0.0006   
594.0000   0.0003   
596.0000   0.0014   
598.0000   0.0022   
600.0000   0.0023   
602.0000   0.0015   
604.0000   -0.0001   
606.0000   -0.0019   
608.0000   -0.0029   
610.0000   -0.0029   
612.0000   -0.0015   
614.0000   0.0007   
616.0000   0.0024   
618.0000   0.0030   
620.0000   0.0021   
622.0000   0.0001   
624.0000   -0.0018   
626.0000   -0.0025   
628.0000   -0.0021   
630.0000   -0.0008   
632.0000   0.0009   
634.0000   0.0020   
636.0000   0.0016   
638.0000   0.0004   
640.0000   -0.0010   
642.0000   -0.0017   
644.0000   -0.0012   
646.0000   -0.0002   
648.0000   0.0008   
650.0000   0.0014   
652.0000   0.0017   
654.0000   0.0014   
656.0000   0.0006   
658.0000   -0.0005   
660.0000   -0.0014   
662.0000   -0.0018   
664.0000   -0.0018   
666.0000   -0.0015   
668.0000   -0.0010   
670.0000   -0.0003   
672.0000   0.0003   
674.0000   0.0009   
676.0000   0.0013   
678.0000   0.0016   
680.0000   0.0015   
682.0000   0.0010   
684.0000   0.0003   
686.0000   -0.0005   
688.0000   -0.0012   
690.0000   -0.0013   
692.0000   -0.0007   
694.0000   0.0002   
696.0000   0.0011   
698.0000   0.0015   
700.0000   0.0013   
702.0000   0.0005   
704.0000   -0.0006   
706.0000   -0.0018   
708.0000   -0.0022   
710.0000   -0.0012   
712.0000   0.0008   
714.0000   0.0026   
716.0000   0.0030   
718.0000   0.0017   
720.0000   -0.0008   
722.0000   -0.0031   
724.0000   -0.0037   
726.0000   -0.0026   
728.0000   -0.0001   
730.0000   0.0024   
732.0000   0.0037   
734.0000   0.0028   
736.0000   0.0007   
738.0000   -0.0015   
740.0000   -0.0027   
742.0000   -0.0023   
744.0000   -0.0009   
746.0000   0.0006   
748.0000   0.0013   
750.0000   0.0013   
752.0000   0.0004   
754.0000   -0.0006   
756.0000   -0.0010   
758.0000   -0.0001   
760.0000   0.0015   
762.0000   0.0030   
764.0000   0.0033   
766.0000   0.0017   
768.0000   -0.0021   
770.0000   -0.0062   
772.0000   -0.0085   
774.0000   -0.0080   
776.0000   -0.0042   
778.0000   0.0026   
780.0000   0.0101   
782.0000   0.0157   
784.0000   0.0174   
786.0000   0.0146   
788.0000   0.0075   
790.0000   -0.0028   
792.0000   -0.0125   
794.0000   -0.0191   
796.0000   -0.0202   
798.0000   -0.0149   
800.0000   -0.0055   
802.0000   0.0043   
804.0000   0.0116   
806.0000   0.0152   
808.0000   0.0143   
810.0000   0.0084   
812.0000   0.0008   
814.0000   -0.0049   
816.0000   -0.0069   
818.0000   -0.0045   
820.0000   -0.0004   
822.0000   0.0026   
824.0000   0.0029   
826.0000   0.0008   
828.0000   -0.0022   
830.0000   -0.0035   
832.0000   -0.0010   
834.0000   0.0034   
836.0000   0.0067   
838.0000   0.0065   
840.0000   0.0012   
842.0000   -0.0063   
844.0000   -0.0123   
846.0000   -0.0137   
848.0000   -0.0100   
850.0000   -0.0017   
852.0000   0.0080   
854.0000   0.0152   
856.0000   0.0183   
858.0000   0.0173   
860.0000   0.0129   
862.0000   0.0050   
864.0000   -0.0054   
866.0000   -0.0153   
868.0000   -0.0210   
870.0000   -0.0185   
872.0000   -0.0062   
874.0000   0.0103   
876.0000   0.0232   
878.0000   0.0255   
880.0000   0.0145   
882.0000   -0.0029   
884.0000   -0.0193   
886.0000   -0.0313   
888.0000   -0.0373   
890.0000   -0.0377   
892.0000   -0.0338   
894.0000   -0.0271   
896.0000   -0.0190   
898.0000   -0.0109   
900.0000   -0.0040   
902.0000   0.0024   
904.0000   0.0094   
906.0000   0.0180   
908.0000   0.0290   
910.0000   0.0422   
912.0000   0.0559   
914.0000   0.0675   
916.0000   0.0748   
918.0000   0.0753   
920.0000   0.0668   
922.0000   0.0493   
924.0000   0.0243   
926.0000   -0.0063   
928.0000   -0.0394   
930.0000   -0.0666   
932.0000   -0.0795   
934.0000   -0.0749   
936.0000   -0.0540   
938.0000   -0.0200   
940.0000   0.0185   
942.0000   0.0520   
944.0000   0.0707   
946.0000   0.0650   
948.0000   0.0301   
950.0000   -0.0164   
952.0000   -0.0526   
954.0000   -0.0601   
956.0000   -0.0314   
958.0000   0.0115   
960.0000   0.0432   
962.0000   0.0546   
964.0000   0.0427   
966.0000   0.0122   
968.0000   -0.0220   
970.0000   -0.0454   
972.0000   -0.0541   
974.0000   -0.0495   
976.0000   -0.0334   
978.0000   -0.0083   
980.0000   0.0206   
982.0000   0.0456   
984.0000   0.0588   
986.0000   0.0567   
988.0000   0.0419   
990.0000   0.0183   
992.0000   -0.0100   
994.0000   -0.0369   
996.0000   -0.0560   
998.0000   -0.0620   
1000.0000   -0.0552   
