0	0
0.007142857	1.123489802
0.014285714	0.347947743
0.021428571	0.400968868
0.028571429	-1.756759395
0.035714286	0.277479066
0.042857143	-0.541044173
0.05	2
0.057142857	-0.541044173
0.064285714	0.277479066
0.071428571	-1.756759395
0.078571429	0.400968868
0.085714286	0.347947743
0.092857143	1.123489802
0.1	5.76E-15
0.107142857	-1.123489802
0.114285714	-0.347947743
0.121428571	-0.400968868
0.128571429	1.756759395
0.135714286	-0.277479066
0.142857143	0.541044173
0.15	-2
0.157142857	0.541044173
0.164285714	-0.277479066
0.171428571	1.756759395
0.178571429	-0.400968868
0.185714286	-0.347947743
0.192857143	-1.123489802
0.2	-1.15E-14
0.207142857	1.123489802
0.214285714	0.347947743
0.221428571	0.400968868
0.228571429	-1.756759395
0.235714286	0.277479066
0.242857143	-0.541044173
0.25	2
0.257142857	-0.541044173
0.264285714	0.277479066
0.271428571	-1.756759395
0.278571429	0.400968868
0.285714286	0.347947743
0.292857143	1.123489802
0.3	2.08E-14
0.307142857	-1.123489802
0.314285714	-0.347947743
0.321428571	-0.400968868
0.328571429	1.756759395
0.335714286	-0.277479066
0.342857143	0.541044173
0.35	-2
0.357142857	0.541044173
0.364285714	-0.277479066
0.371428571	1.756759395
0.378571429	-0.400968868
0.385714286	-0.347947743
0.392857143	-1.123489802
0.4	-2.30E-14
0.407142857	1.123489802
0.414285714	0.347947743
0.421428571	0.400968868
0.428571429	-1.756759395
0.435714286	0.277479066
0.442857143	-0.541044173
0.45	2
0.457142857	-0.541044173
0.464285714	0.277479066
0.471428571	-1.756759395
0.478571429	0.400968868
0.485714286	0.347947743
0.492857143	1.123489802
0.5	1.81E-14
0.507142857	-1.123489802
0.514285714	-0.347947743
0.521428571	-0.400968868
0.528571429	1.756759395
0.535714286	-0.277479066
0.542857143	0.541044173
0.55	-2
0.557142857	0.541044173
0.564285714	-0.277479066
0.571428571	1.756759395
0.578571429	-0.400968868
0.585714286	-0.347947743
0.592857143	-1.123489802
0.6	-4.16E-14
0.607142857	1.123489802
0.614285714	0.347947743
0.621428571	0.400968868
0.628571429	-1.756759395
0.635714286	0.277479066
0.642857143	-0.541044173
0.65	2
0.657142857	-0.541044173
0.664285714	0.277479066
0.671428571	-1.756759395
0.678571429	0.400968868
0.685714286	0.347947743
0.692857143	1.123489802
0.7	7.94E-14
0.707142857	-1.123489802
0.714285714	-0.347947743
0.721428571	-0.400968868
0.728571429	1.756759395
0.735714286	-0.277479066
0.742857143	0.541044173
0.75	-2
0.757142857	0.541044173
0.764285714	-0.277479066
0.771428571	1.756759395
0.778571429	-0.400968868
0.785714286	-0.347947743
0.792857143	-1.123489802
0.8	-4.61E-14
0.807142857	1.123489802
0.814285714	0.347947743
0.821428571	0.400968868
0.828571429	-1.756759395
0.835714286	0.277479066
0.842857143	-0.541044173
0.85	2
0.857142857	-0.541044173
0.864285714	0.277479066
0.871428571	-1.756759395
0.878571429	0.400968868
0.885714286	0.347947743
0.892857143	1.123489802
0.9	1.27E-14
0.907142857	-1.123489802
0.914285714	-0.347947743
0.921428571	-0.400968868
0.928571429	1.756759395
0.935714286	-0.277479066
0.942857143	0.541044173
0.95	-2
0.957142857	0.541044173
0.964285714	-0.277479066
0.971428571	1.756759395
0.978571429	-0.400968868
0.985714286	-0.347947743
0.992857143	-1.123489802
1	-3.63E-14
1.007142857	1.123489802
1.014285714	0.347947743
1.021428571	0.400968868
1.028571429	-1.756759395
1.035714286	0.277479066
1.042857143	-0.541044173
1.05	2
1.057142857	-0.541044173
1.064285714	0.277479066
1.071428571	-1.756759395
1.078571429	0.400968868
1.085714286	0.347947743
1.092857143	1.123489802
1.1	1.45E-13
1.107142857	-1.123489802
1.114285714	-0.347947743
1.121428571	-0.400968868
1.128571429	1.756759395
1.135714286	-0.277479066
1.142857143	0.541044173
1.15	-2
1.157142857	0.541044173
1.164285714	-0.277479066
1.171428571	1.756759395
1.178571429	-0.400968868
1.185714286	-0.347947743
1.192857143	-1.123489802
1.2	-8.33E-14
1.207142857	1.123489802
1.214285714	0.347947743
1.221428571	0.400968868
1.228571429	-1.756759395
1.235714286	0.277479066
1.242857143	-0.541044173
1.25	2
1.257142857	-0.541044173
1.264285714	0.277479066
1.271428571	-1.756759395
1.278571429	0.400968868
1.285714286	0.347947743
1.292857143	1.123489802
1.3	-6.87E-15
1.307142857	-1.123489802
1.314285714	-0.347947743
1.321428571	-0.400968868
1.328571429	1.756759395
1.335714286	-0.277479066
1.342857143	0.541044173
1.35	-2
1.357142857	0.541044173
1.364285714	-0.277479066
1.371428571	1.756759395
1.378571429	-0.400968868
1.385714286	-0.347947743
1.392857143	-1.123489802
1.4	-1.59E-13
1.407142857	1.123489802
1.414285714	0.347947743
1.421428571	0.400968868
1.428571429	-1.756759395
1.435714286	0.277479066
1.442857143	-0.541044173
1.45	2
1.457142857	-0.541044173
1.464285714	0.277479066
1.471428571	-1.756759395
1.478571429	0.400968868
1.485714286	0.347947743
1.492857143	1.123489802
1.5	6.86E-14
1.507142857	-1.123489802
1.514285714	-0.347947743
1.521428571	-0.400968868
1.528571429	1.756759395
1.535714286	-0.277479066
1.542857143	0.541044173
1.55	-2
1.557142857	0.541044173
1.564285714	-0.277479066
1.571428571	1.756759395
1.578571429	-0.400968868
1.585714286	-0.347947743
1.592857143	-1.123489802
1.6	-9.21E-14
1.607142857	1.123489802
1.614285714	0.347947743
1.621428571	0.400968868
1.628571429	-1.756759395
1.635714286	0.277479066
1.642857143	-0.541044173
1.65	2
1.657142857	-0.541044173
1.664285714	0.277479066
1.671428571	-1.756759395
1.678571429	0.400968868
1.685714286	0.347947743
1.692857143	1.123489802
1.7	1.16E-13
1.707142857	-1.123489802
1.714285714	-0.347947743
1.721428571	-0.400968868
1.728571429	1.756759395
1.735714286	-0.277479066
1.742857143	0.541044173
1.75	-2
1.757142857	0.541044173
1.764285714	-0.277479066
1.771428571	1.756759395
1.778571429	-0.400968868
1.785714286	-0.347947743
1.792857143	-1.123489802
1.8	-2.55E-14
1.807142857	1.123489802
1.814285714	0.347947743
1.821428571	0.400968868
1.828571429	-1.756759395
1.835714286	0.277479066
1.842857143	-0.541044173
1.85	2
1.857142857	-0.541044173
1.864285714	0.277479066
1.871428571	-1.756759395
1.878571429	0.400968868
1.885714286	0.347947743
1.892857143	1.123489802
1.9	1.63E-13
1.907142857	-1.123489802
1.914285714	-0.347947743
1.921428571	-0.400968868
1.928571429	1.756759395
1.935714286	-0.277479066
1.942857143	0.541044173
1.95	-2
1.957142857	0.541044173
1.964285714	-0.277479066
1.971428571	1.756759395
1.978571429	-0.400968868
1.985714286	-0.347947743
1.992857143	-1.123489802
2	-7.25E-14
2.007142857	1.123489802
2.014285714	0.347947743
2.021428571	0.400968868
2.028571429	-1.756759395
2.035714286	0.277479066
2.042857143	-0.541044173
2.05	2
2.057142857	-0.541044173
2.064285714	0.277479066
2.071428571	-1.756759395
2.078571429	0.400968868
2.085714286	0.347947743
2.092857143	1.123489802
2.1	-1.77E-14
2.107142857	-1.123489802
2.114285714	-0.347947743
2.121428571	-0.400968868
2.128571429	1.756759395
2.135714286	-0.277479066
2.142857143	0.541044173
2.15	-2
2.157142857	0.541044173
2.164285714	-0.277479066
2.171428571	1.756759395
2.178571429	-0.400968868
2.185714286	-0.347947743
2.192857143	-1.123489802
2.2	-2.90E-13
2.207142857	1.123489802
2.214285714	0.347947743
2.221428571	0.400968868
2.228571429	-1.756759395
2.235714286	0.277479066
2.242857143	-0.541044173
2.25	2
2.257142857	-0.541044173
2.264285714	0.277479066
2.271428571	-1.756759395
2.278571429	0.400968868
2.285714286	0.347947743
2.292857143	1.123489802
2.3	2.00E-13
2.307142857	-1.123489802
2.314285714	-0.347947743
2.321428571	-0.400968868
2.328571429	1.756759395
2.335714286	-0.277479066
2.342857143	0.541044173
2.35	-2
2.357142857	0.541044173
2.364285714	-0.277479066
2.371428571	1.756759395
2.378571429	-0.400968868
2.385714286	-0.347947743
2.392857143	-1.123489802
2.4	-1.67E-13
2.407142857	1.123489802
2.414285714	0.347947743
2.421428571	0.400968868
2.428571429	-1.756759395
2.435714286	0.277479066
2.442857143	-0.541044173
2.45	2
2.457142857	-0.541044173
2.464285714	0.277479066
2.471428571	-1.756759395
2.478571429	0.400968868
2.485714286	0.347947743
2.492857143	1.123489802
2.5	7.64E-14
2.507142857	-1.123489802
2.514285714	-0.347947743
2.521428571	-0.400968868
2.528571429	1.756759395
2.535714286	-0.277479066
2.542857143	0.541044173
2.55	-2
2.557142857	0.541044173
2.564285714	-0.277479066
2.571428571	1.756759395
2.578571429	-0.400968868
2.585714286	-0.347947743
2.592857143	-1.123489802
2.6	1.37E-14
2.607142857	1.123489802
2.614285714	0.347947743
2.621428571	0.400968868
2.628571429	-1.756759395
2.635714286	0.277479066
2.642857143	-0.541044173
2.65	2
2.657142857	-0.541044173
2.664285714	0.277479066
2.671428571	-1.756759395
2.678571429	0.400968868
2.685714286	0.347947743
2.692857143	1.123489802
2.7	2.94E-13
2.707142857	-1.123489802
2.714285714	-0.347947743
2.721428571	-0.400968868
2.728571429	1.756759395
2.735714286	-0.277479066
2.742857143	0.541044173
2.75	-2
2.757142857	0.541044173
2.764285714	-0.277479066
2.771428571	1.756759395
2.778571429	-0.400968868
2.785714286	-0.347947743
2.792857143	-1.123489802
2.8	-3.18E-13
2.807142857	1.123489802
2.814285714	0.347947743
2.821428571	0.400968868
2.828571429	-1.756759395
2.835714286	0.277479066
2.842857143	-0.541044173
2.85	2
2.857142857	-0.541044173
2.864285714	0.277479066
2.871428571	-1.756759395
2.878571429	0.400968868
2.885714286	0.347947743
2.892857143	1.123489802
2.9	1.14E-13
2.907142857	-1.123489802
2.914285714	-0.347947743
2.921428571	-0.400968868
2.928571429	1.756759395
2.935714286	-0.277479066
2.942857143	0.541044173
2.95	-2
2.957142857	0.541044173
2.964285714	-0.277479066
2.971428571	1.756759395
2.978571429	-0.400968868
2.985714286	-0.347947743
2.992857143	-1.123489802
3	-1.37E-13
3.007142857	1.123489802
3.014285714	0.347947743
3.021428571	0.400968868
3.028571429	-1.756759395
3.035714286	0.277479066
3.042857143	-0.541044173
3.05	2
3.057142857	-0.541044173
3.064285714	0.277479066
3.071428571	-1.756759395
3.078571429	0.400968868
3.085714286	0.347947743
3.092857143	1.123489802
3.1	1.04E-13
3.107142857	-1.123489802
3.114285714	-0.347947743
3.121428571	-0.400968868
3.128571429	1.756759395
3.135714286	-0.277479066
3.142857143	0.541044173
3.15	-2
3.157142857	0.541044173
3.164285714	-0.277479066
3.171428571	1.756759395
3.178571429	-0.400968868
3.185714286	-0.347947743
3.192857143	-1.123489802
3.2	-1.84E-13
3.207142857	1.123489802
3.214285714	0.347947743
3.221428571	0.400968868
3.228571429	-1.756759395
3.235714286	0.277479066
3.242857143	-0.541044173
3.25	2
3.257142857	-0.541044173
3.264285714	0.277479066
3.271428571	-1.756759395
3.278571429	0.400968868
3.285714286	0.347947743
3.292857143	1.123489802
3.3	2.65E-13
3.307142857	-1.123489802
3.314285714	-0.347947743
3.321428571	-0.400968868
3.328571429	1.756759395
3.335714286	-0.277479066
3.342857143	0.541044173
3.35	-2
3.357142857	0.541044173
3.364285714	-0.277479066
3.371428571	1.756759395
3.378571429	-0.400968868
3.385714286	-0.347947743
3.392857143	-1.123489802
3.4	-2.31E-13
3.407142857	1.123489802
3.414285714	0.347947743
3.421428571	0.400968868
3.428571429	-1.756759395
3.435714286	0.277479066
3.442857143	-0.541044173
3.45	2
3.457142857	-0.541044173
3.464285714	0.277479066
3.471428571	-1.756759395
3.478571429	0.400968868
3.485714286	0.347947743
3.492857143	1.123489802
3.5	1.98E-13
3.507142857	-1.123489802
3.514285714	-0.347947743
3.521428571	-0.400968868
3.528571429	1.756759395
3.535714286	-0.277479066
3.542857143	0.541044173
3.55	-2
3.557142857	0.541044173
3.564285714	-0.277479066
3.571428571	1.756759395
3.578571429	-0.400968868
3.585714286	-0.347947743
3.592857143	-1.123489802
3.6	-5.09E-14
3.607142857	1.123489802
3.614285714	0.347947743
3.621428571	0.400968868
3.628571429	-1.756759395
3.635714286	0.277479066
3.642857143	-0.541044173
3.65	2
3.657142857	-0.541044173
3.664285714	0.277479066
3.671428571	-1.756759395
3.678571429	0.400968868
3.685714286	0.347947743
3.692857143	1.123489802
3.7	3.59E-13
3.707142857	-1.123489802
3.714285714	-0.347947743
3.721428571	-0.400968868
3.728571429	1.756759395
3.735714286	-0.277479066
3.742857143	0.541044173
3.75	-2
3.757142857	0.541044173
3.764285714	-0.277479066
3.771428571	1.756759395
3.778571429	-0.400968868
3.785714286	-0.347947743
3.792857143	-1.123489802
3.8	-3.25E-13
3.807142857	1.123489802
3.814285714	0.347947743
3.821428571	0.400968868
3.828571429	-1.756759395
3.835714286	0.277479066
3.842857143	-0.541044173
3.85	2
3.857142857	-0.541044173
3.864285714	0.277479066
3.871428571	-1.756759395
3.878571429	0.400968868
3.885714286	0.347947743
3.892857143	1.123489802
3.9	1.78E-13
3.907142857	-1.123489802
3.914285714	-0.347947743
3.921428571	-0.400968868
3.928571429	1.756759395
3.935714286	-0.277479066
3.942857143	0.541044173
3.95	-2
3.957142857	0.541044173
3.964285714	-0.277479066
3.971428571	1.756759395
3.978571429	-0.400968868
3.985714286	-0.347947743
3.992857143	-1.123489802
4	-1.45E-13
4.007142857	1.123489802
4.014285714	0.347947743
4.021428571	0.400968868
4.028571429	-1.756759395
4.035714286	0.277479066
4.042857143	-0.541044173
4.05	2
4.057142857	-0.541044173
4.064285714	0.277479066
4.071428571	-1.756759395
4.078571429	0.400968868
4.085714286	0.347947743
4.092857143	1.123489802
4.1	4.53E-13
4.107142857	-1.123489802
4.114285714	-0.347947743
4.121428571	-0.400968868
4.128571429	1.756759395
4.135714286	-0.277479066
4.142857143	0.541044173
4.15	-2
4.157142857	0.541044173
4.164285714	-0.277479066
4.171428571	1.756759395
4.178571429	-0.400968868
4.185714286	-0.347947743
4.192857143	-1.123489802
4.2	3.53E-14
4.207142857	1.123489802
4.214285714	0.347947743
4.221428571	0.400968868
4.228571429	-1.756759395
4.235714286	0.277479066
4.242857143	-0.541044173
4.25	2
4.257142857	-0.541044173
4.264285714	0.277479066
4.271428571	-1.756759395
4.278571429	0.400968868
4.285714286	0.347947743
4.292857143	1.123489802
4.3	2.72E-13
4.307142857	-1.123489802
4.314285714	-0.347947743
4.321428571	-0.400968868
4.328571429	1.756759395
4.335714286	-0.277479066
4.342857143	0.541044173
4.35	-2
4.357142857	0.541044173
4.364285714	-0.277479066
4.371428571	1.756759395
4.378571429	-0.400968868
4.385714286	-0.347947743
4.392857143	-1.123489802
4.4	-5.80E-13
4.407142857	1.123489802
4.414285714	0.347947743
4.421428571	0.400968868
4.428571429	-1.756759395
4.435714286	0.277479066
4.442857143	-0.541044173
4.45	2
4.457142857	-0.541044173
4.464285714	0.277479066
4.471428571	-1.756759395
4.478571429	0.400968868
4.485714286	0.347947743
4.492857143	1.123489802
4.5	9.21E-14
4.507142857	-1.123489802
4.514285714	-0.347947743
4.521428571	-0.400968868
4.528571429	1.756759395
4.535714286	-0.277479066
4.542857143	0.541044173
4.55	-2
4.557142857	0.541044173
4.564285714	-0.277479066
4.571428571	1.756759395
4.578571429	-0.400968868
4.585714286	-0.347947743
4.592857143	-1.123489802
4.6	-4.00E-13
4.607142857	1.123489802
4.614285714	0.347947743
4.621428571	0.400968868
4.628571429	-1.756759395
4.635714286	0.277479066
4.642857143	-0.541044173
4.65	2
4.657142857	-0.541044173
4.664285714	0.277479066
4.671428571	-1.756759395
4.678571429	0.400968868
4.685714286	0.347947743
4.692857143	1.123489802
4.7	2.54E-14
4.707142857	-1.123489802
4.714285714	-0.347947743
4.721428571	-0.400968868
4.728571429	1.756759395
4.735714286	-0.277479066
4.742857143	0.541044173
4.75	-2
4.757142857	0.541044173
4.764285714	-0.277479066
4.771428571	1.756759395
4.778571429	-0.400968868
4.785714286	-0.347947743
4.792857143	-1.123489802
4.8	-3.33E-13
4.807142857	1.123489802
4.814285714	0.347947743
4.821428571	0.400968868
4.828571429	-1.756759395
4.835714286	0.277479066
4.842857143	-0.541044173
4.85	2
4.857142857	-0.541044173
4.864285714	0.277479066
4.871428571	-1.756759395
4.878571429	0.400968868
4.885714286	0.347947743
4.892857143	1.123489802
4.9	4.14E-13
4.907142857	-1.123489802
4.914285714	-0.347947743
4.921428571	-0.400968868
4.928571429	1.756759395
4.935714286	-0.277479066
4.942857143	0.541044173
4.95	-2
4.957142857	0.541044173
4.964285714	-0.277479066
4.971428571	1.756759395
4.978571429	-0.400968868
4.985714286	-0.347947743
4.992857143	-1.123489802
5	-1.53E-13
5.007142857	1.123489802
5.014285714	0.347947743
5.021428571	0.400968868
5.028571429	-1.756759395
5.035714286	0.277479066
5.042857143	-0.541044173
5.05	2
5.057142857	-0.541044173
5.064285714	0.277479066
5.071428571	-1.756759395
5.078571429	0.400968868
5.085714286	0.347947743
5.092857143	1.123489802
5.1	2.33E-13
5.107142857	-1.123489802
5.114285714	-0.347947743
5.121428571	-0.400968868
5.128571429	1.756759395
5.135714286	-0.277479066
5.142857143	0.541044173
5.15	-2
5.157142857	0.541044173
5.164285714	-0.277479066
5.171428571	1.756759395
5.178571429	-0.400968868
5.185714286	-0.347947743
5.192857143	-1.123489802
5.2	2.75E-14
5.207142857	1.123489802
5.214285714	0.347947743
5.221428571	0.400968868
5.228571429	-1.756759395
5.235714286	0.277479066
5.242857143	-0.541044173
5.25	2
5.257142857	-0.541044173
5.264285714	0.277479066
5.271428571	-1.756759395
5.278571429	0.400968868
5.285714286	0.347947743
5.292857143	1.123489802
5.3	2.80E-13
5.307142857	-1.123489802
5.314285714	-0.347947743
5.321428571	-0.400968868
5.328571429	1.756759395
5.335714286	-0.277479066
5.342857143	0.541044173
5.35	-2
5.357142857	0.541044173
5.364285714	-0.277479066
5.371428571	1.756759395
5.378571429	-0.400968868
5.385714286	-0.347947743
5.392857143	-1.123489802
5.4	-5.88E-13
5.407142857	1.123489802
5.414285714	0.347947743
5.421428571	0.400968868
5.428571429	-1.756759395
5.435714286	0.277479066
5.442857143	-0.541044173
5.45	2
5.457142857	-0.541044173
5.464285714	0.277479066
5.471428571	-1.756759395
5.478571429	0.400968868
5.485714286	0.347947743
5.492857143	1.123489802
5.5	3.27E-13
5.507142857	-1.123489802
5.514285714	-0.347947743
5.521428571	-0.400968868
5.528571429	1.756759395
5.535714286	-0.277479066
5.542857143	0.541044173
5.55	-2
5.557142857	0.541044173
5.564285714	-0.277479066
5.571428571	1.756759395
5.578571429	-0.400968868
5.585714286	-0.347947743
5.592857143	-1.123489802
5.6	-6.35E-13
5.607142857	1.123489802
5.614285714	0.347947743
5.621428571	0.400968868
5.628571429	-1.756759395
5.635714286	0.277479066
5.642857143	-0.541044173
5.65	2
5.657142857	-0.541044173
5.664285714	0.277479066
5.671428571	-1.756759395
5.678571429	0.400968868
5.685714286	0.347947743
5.692857143	1.123489802
5.7	-8.04E-14
5.707142857	-1.123489802
5.714285714	-0.347947743
5.721428571	-0.400968868
5.728571429	1.756759395
5.735714286	-0.277479066
5.742857143	0.541044173
5.75	-2
5.757142857	0.541044173
5.764285714	-0.277479066
5.771428571	1.756759395
5.778571429	-0.400968868
5.785714286	-0.347947743
5.792857143	-1.123489802
5.8	-2.27E-13
5.807142857	1.123489802
5.814285714	0.347947743
5.821428571	0.400968868
5.828571429	-1.756759395
5.835714286	0.277479066
5.842857143	-0.541044173
5.85	2
5.857142857	-0.541044173
5.864285714	0.277479066
5.871428571	-1.756759395
5.878571429	0.400968868
5.885714286	0.347947743
5.892857143	1.123489802
5.9	5.35E-13
5.907142857	-1.123489802
5.914285714	-0.347947743
5.921428571	-0.400968868
5.928571429	1.756759395
5.935714286	-0.277479066
5.942857143	0.541044173
5.95	-2
5.957142857	0.541044173
5.964285714	-0.277479066
5.971428571	1.756759395
5.978571429	-0.400968868
5.985714286	-0.347947743
5.992857143	-1.123489802
6	-2.74E-13
6.007142857	1.123489802
6.014285714	0.347947743
6.021428571	0.400968868
6.028571429	-1.756759395
6.035714286	0.277479066
6.042857143	-0.541044173
6.05	2
6.057142857	-0.541044173
6.064285714	0.277479066
6.071428571	-1.756759395
6.078571429	0.400968868
6.085714286	0.347947743
6.092857143	1.123489802
6.1	5.82E-13
6.107142857	-1.123489802
6.114285714	-0.347947743
6.121428571	-0.400968868
6.128571429	1.756759395
6.135714286	-0.277479066
6.142857143	0.541044173
6.15	-2
6.157142857	0.541044173
6.164285714	-0.277479066
6.171428571	1.756759395
6.178571429	-0.400968868
6.185714286	-0.347947743
6.192857143	-1.123489802
6.2	-2.08E-13
6.207142857	1.123489802
6.214285714	0.347947743
6.221428571	0.400968868
6.228571429	-1.756759395
6.235714286	0.277479066
6.242857143	-0.541044173
6.25	2
6.257142857	-0.541044173
6.264285714	0.277479066
6.271428571	-1.756759395
6.278571429	0.400968868
6.285714286	0.347947743
6.292857143	1.123489802
6.3	5.15E-13
6.307142857	-1.123489802
6.314285714	-0.347947743
6.321428571	-0.400968868
6.328571429	1.756759395
6.335714286	-0.277479066
6.342857143	0.541044173
6.35	-2
6.357142857	0.541044173
6.364285714	-0.277479066
6.371428571	1.756759395
6.378571429	-0.400968868
6.385714286	-0.347947743
6.392857143	-1.123489802
6.4	-3.68E-13
6.407142857	1.123489802
6.414285714	0.347947743
6.421428571	0.400968868
6.428571429	-1.756759395
6.435714286	0.277479066
6.442857143	-0.541044173
6.45	2
6.457142857	-0.541044173
6.464285714	0.277479066
6.471428571	-1.756759395
6.478571429	0.400968868
6.485714286	0.347947743
6.492857143	1.123489802
6.5	1.08E-13
6.507142857	-1.123489802
6.514285714	-0.347947743
6.521428571	-0.400968868
6.528571429	1.756759395
6.535714286	-0.277479066
6.542857143	0.541044173
6.55	-2
6.557142857	0.541044173
6.564285714	-0.277479066
6.571428571	1.756759395
6.578571429	-0.400968868
6.585714286	-0.347947743
6.592857143	-1.123489802
6.6	-5.29E-13
6.607142857	1.123489802
6.614285714	0.347947743
6.621428571	0.400968868
6.628571429	-1.756759395
6.635714286	0.277479066
6.642857143	-0.541044173
6.65	2
6.657142857	-0.541044173
6.664285714	0.277479066
6.671428571	-1.756759395
6.678571429	0.400968868
6.685714286	0.347947743
6.692857143	1.123489802
6.7	4.11E-14
6.707142857	-1.123489802
6.714285714	-0.347947743
6.721428571	-0.400968868
6.728571429	1.756759395
6.735714286	-0.277479066
6.742857143	0.541044173
6.75	-2
6.757142857	0.541044173
6.764285714	-0.277479066
6.771428571	1.756759395
6.778571429	-0.400968868
6.785714286	-0.347947743
6.792857143	-1.123489802
6.8	-4.63E-13
6.807142857	1.123489802
6.814285714	0.347947743
6.821428571	0.400968868
6.828571429	-1.756759395
6.835714286	0.277479066
6.842857143	-0.541044173
6.85	2
6.857142857	-0.541044173
6.864285714	0.277479066
6.871428571	-1.756759395
6.878571429	0.400968868
6.885714286	0.347947743
6.892857143	1.123489802
6.9	6.57E-13
6.907142857	-1.123489802
6.914285714	-0.347947743
6.921428571	-0.400968868
6.928571429	1.756759395
6.935714286	-0.277479066
6.942857143	0.541044173
6.95	-2
6.957142857	0.541044173
6.964285714	-0.277479066
6.971428571	1.756759395
6.978571429	-0.400968868
6.985714286	-0.347947743
6.992857143	-1.123489802
7	-3.96E-13
7.007142857	1.123489802
7.014285714	0.347947743
7.021428571	0.400968868
7.028571429	-1.756759395
7.035714286	0.277479066
7.042857143	-0.541044173
7.05	2
7.057142857	-0.541044173
7.064285714	0.277479066
7.071428571	-1.756759395
7.078571429	0.400968868
7.085714286	0.347947743
7.092857143	1.123489802
7.1	3.63E-13
7.107142857	-1.123489802
7.114285714	-0.347947743
7.121428571	-0.400968868
7.128571429	1.756759395
7.135714286	-0.277479066
7.142857143	0.541044173
7.15	-2
7.157142857	0.541044173
7.164285714	-0.277479066
7.171428571	1.756759395
7.178571429	-0.400968868
7.185714286	-0.347947743
7.192857143	-1.123489802
7.2	-1.02E-13
7.207142857	1.123489802
7.214285714	0.347947743
7.221428571	0.400968868
7.228571429	-1.756759395
7.235714286	0.277479066
7.242857143	-0.541044173
7.25	2
7.257142857	-0.541044173
7.264285714	0.277479066
7.271428571	-1.756759395
7.278571429	0.400968868
7.285714286	0.347947743
7.292857143	1.123489802
7.3	2.96E-13
7.307142857	-1.123489802
7.314285714	-0.347947743
7.321428571	-0.400968868
7.328571429	1.756759395
7.335714286	-0.277479066
7.342857143	0.541044173
7.35	-2
7.357142857	0.541044173
7.364285714	-0.277479066
7.371428571	1.756759395
7.378571429	-0.400968868
7.385714286	-0.347947743
7.392857143	-1.123489802
7.4	-7.17E-13
7.407142857	1.123489802
7.414285714	0.347947743
7.421428571	0.400968868
7.428571429	-1.756759395
7.435714286	0.277479066
7.442857143	-0.541044173
7.45	2
7.457142857	-0.541044173
7.464285714	0.277479066
7.471428571	-1.756759395
7.478571429	0.400968868
7.485714286	0.347947743
7.492857143	1.123489802
7.5	9.11E-13
7.507142857	-1.123489802
7.514285714	-0.347947743
7.521428571	-0.400968868
7.528571429	1.756759395
7.535714286	-0.277479066
7.542857143	0.541044173
7.55	-2
7.557142857	0.541044173
7.564285714	-0.277479066
7.571428571	1.756759395
7.578571429	-0.400968868
7.585714286	-0.347947743
7.592857143	-1.123489802
7.6	-6.51E-13
7.607142857	1.123489802
7.614285714	0.347947743
7.621428571	0.400968868
7.628571429	-1.756759395
7.635714286	0.277479066
7.642857143	-0.541044173
7.65	2
7.657142857	-0.541044173
7.664285714	0.277479066
7.671428571	-1.756759395
7.678571429	0.400968868
7.685714286	0.347947743
7.692857143	1.123489802
7.7	6.17E-13
7.707142857	-1.123489802
7.714285714	-0.347947743
7.721428571	-0.400968868
7.728571429	1.756759395
7.735714286	-0.277479066
7.742857143	0.541044173
7.75	-2
7.757142857	0.541044173
7.764285714	-0.277479066
7.771428571	1.756759395
7.778571429	-0.400968868
7.785714286	-0.347947743
7.792857143	-1.123489802
7.8	-3.57E-13
7.807142857	1.123489802
7.814285714	0.347947743
7.821428571	0.400968868
7.828571429	-1.756759395
7.835714286	0.277479066
7.842857143	-0.541044173
7.85	2
7.857142857	-0.541044173
7.864285714	0.277479066
7.871428571	-1.756759395
7.878571429	0.400968868
7.885714286	0.347947743
7.892857143	1.123489802
7.9	5.51E-13
7.907142857	-1.123489802
7.914285714	-0.347947743
7.921428571	-0.400968868
7.928571429	1.756759395
7.935714286	-0.277479066
7.942857143	0.541044173
7.95	-2
7.957142857	0.541044173
7.964285714	-0.277479066
7.971428571	1.756759395
7.978571429	-0.400968868
7.985714286	-0.347947743
7.992857143	-1.123489802
8	-9.72E-13
8.007142857	1.123489802
8.014285714	0.347947743
8.021428571	0.400968868
8.028571429	-1.756759395
8.035714286	0.277479066
8.042857143	-0.541044173
8.05	2
8.057142857	-0.541044173
8.064285714	0.277479066
8.071428571	-1.756759395
8.078571429	0.400968868
8.085714286	0.347947743
8.092857143	1.123489802
8.1	7.11E-13
8.107142857	-1.123489802
8.114285714	-0.347947743
8.121428571	-0.400968868
8.128571429	1.756759395
8.135714286	-0.277479066
8.142857143	0.541044173
8.15	-2
8.157142857	0.541044173
8.164285714	-0.277479066
8.171428571	1.756759395
8.178571429	-0.400968868
8.185714286	-0.347947743
8.192857143	-1.123489802
8.2	-9.06E-13
8.207142857	1.123489802
8.214285714	0.347947743
8.221428571	0.400968868
8.228571429	-1.756759395
8.235714286	0.277479066
8.242857143	-0.541044173
8.25	2
8.257142857	-0.541044173
8.264285714	0.277479066
8.271428571	-1.756759395
8.278571429	0.400968868
8.285714286	0.347947743
8.292857143	1.123489802
8.3	-3.73E-14
8.307142857	-1.123489802
8.314285714	-0.347947743
8.321428571	-0.400968868
8.328571429	1.756759395
8.335714286	-0.277479066
8.342857143	0.541044173
8.35	-2
8.357142857	0.541044173
8.364285714	-0.277479066
8.371428571	1.756759395
8.378571429	-0.400968868
8.385714286	-0.347947743
8.392857143	-1.123489802
8.4	-1.07E-12
8.407142857	1.123489802
8.414285714	0.347947743
8.421428571	0.400968868
8.428571429	-1.756759395
8.435714286	0.277479066
8.442857143	-0.541044173
8.45	2
8.457142857	-0.541044173
8.464285714	0.277479066
8.471428571	-1.756759395
8.478571429	0.400968868
8.485714286	0.347947743
8.492857143	1.123489802
8.5	1.23E-13
8.507142857	-1.123489802
8.514285714	-0.347947743
8.521428571	-0.400968868
8.528571429	1.756759395
8.535714286	-0.277479066
8.542857143	0.541044173
8.55	-2
8.557142857	0.541044173
8.564285714	-0.277479066
8.571428571	1.756759395
8.578571429	-0.400968868
8.585714286	-0.347947743
8.592857143	-1.123489802
8.6	-5.45E-13
8.607142857	1.123489802
8.614285714	0.347947743
8.621428571	0.400968868
8.628571429	-1.756759395
8.635714286	0.277479066
8.642857143	-0.541044173
8.65	2
8.657142857	-0.541044173
8.664285714	0.277479066
8.671428571	-1.756759395
8.678571429	0.400968868
8.685714286	0.347947743
8.692857143	1.123489802
8.7	7.39E-13
8.707142857	-1.123489802
8.714285714	-0.347947743
8.721428571	-0.400968868
8.728571429	1.756759395
8.735714286	-0.277479066
8.742857143	0.541044173
8.75	-2
8.757142857	0.541044173
8.764285714	-0.277479066
8.771428571	1.756759395
8.778571429	-0.400968868
8.785714286	-0.347947743
8.792857143	-1.123489802
8.8	-2.35E-14
8.807142857	1.123489802
8.814285714	0.347947743
8.821428571	0.400968868
8.828571429	-1.756759395
8.835714286	0.277479066
8.842857143	-0.541044173
8.85	2
8.857142857	-0.541044173
8.864285714	0.277479066
8.871428571	-1.756759395
8.878571429	0.400968868
8.885714286	0.347947743
8.892857143	1.123489802
8.9	9.00E-13
8.907142857	-1.123489802
8.914285714	-0.347947743
8.921428571	-0.400968868
8.928571429	1.756759395
8.935714286	-0.277479066
8.942857143	0.541044173
8.95	-2
8.957142857	0.541044173
8.964285714	-0.277479066
8.971428571	1.756759395
8.978571429	-0.400968868
8.985714286	-0.347947743
8.992857143	-1.123489802
9	-1.84E-13
9.007142857	1.123489802
9.014285714	0.347947743
9.021428571	0.400968868
9.028571429	-1.756759395
9.035714286	0.277479066
9.042857143	-0.541044173
9.05	2
9.057142857	-0.541044173
9.064285714	0.277479066
9.071428571	-1.756759395
9.078571429	0.400968868
9.085714286	0.347947743
9.092857143	1.123489802
9.1	3.78E-13
9.107142857	-1.123489802
9.114285714	-0.347947743
9.121428571	-0.400968868
9.128571429	1.756759395
9.135714286	-0.277479066
9.142857143	0.541044173
9.15	-2
9.157142857	0.541044173
9.164285714	-0.277479066
9.171428571	1.756759395
9.178571429	-0.400968868
9.185714286	-0.347947743
9.192857143	-1.123489802
9.2	-8.00E-13
9.207142857	1.123489802
9.214285714	0.347947743
9.221428571	0.400968868
9.228571429	-1.756759395
9.235714286	0.277479066
9.242857143	-0.541044173
9.25	2
9.257142857	-0.541044173
9.264285714	0.277479066
9.271428571	-1.756759395
9.278571429	0.400968868
9.285714286	0.347947743
9.292857143	1.123489802
9.3	-1.43E-13
9.307142857	-1.123489802
9.314285714	-0.347947743
9.321428571	-0.400968868
9.328571429	1.756759395
9.335714286	-0.277479066
9.342857143	0.541044173
9.35	-2
9.357142857	0.541044173
9.364285714	-0.277479066
9.371428571	1.756759395
9.378571429	-0.400968868
9.385714286	-0.347947743
9.392857143	-1.123489802
9.4	-1.42E-12
9.407142857	1.123489802
9.414285714	0.347947743
9.421428571	0.400968868
9.428571429	-1.756759395
9.435714286	0.277479066
9.442857143	-0.541044173
9.45	2
9.457142857	-0.541044173
9.464285714	0.277479066
9.471428571	-1.756759395
9.478571429	0.400968868
9.485714286	0.347947743
9.492857143	1.123489802
9.5	4.72E-13
9.507142857	-1.123489802
9.514285714	-0.347947743
9.521428571	-0.400968868
9.528571429	1.756759395
9.535714286	-0.277479066
9.542857143	0.541044173
9.55	-2
9.557142857	0.541044173
9.564285714	-0.277479066
9.571428571	1.756759395
9.578571429	-0.400968868
9.585714286	-0.347947743
9.592857143	-1.123489802
9.6	-6.66E-13
9.607142857	1.123489802
9.614285714	0.347947743
9.621428571	0.400968868
9.628571429	-1.756759395
9.635714286	0.277479066
9.642857143	-0.541044173
9.65	2
9.657142857	-0.541044173
9.664285714	0.277479066
9.671428571	-1.756759395
9.678571429	0.400968868
9.685714286	0.347947743
9.692857143	1.123489802
9.7	6.33E-13
9.707142857	-1.123489802
9.714285714	-0.347947743
9.721428571	-0.400968868
9.728571429	1.756759395
9.735714286	-0.277479066
9.742857143	0.541044173
9.75	-2
9.757142857	0.541044173
9.764285714	-0.277479066
9.771428571	1.756759395
9.778571429	-0.400968868
9.785714286	-0.347947743
9.792857143	-1.123489802
9.8	3.10E-13
9.807142857	1.123489802
9.814285714	0.347947743
9.821428571	0.400968868
9.828571429	-1.756759395
9.835714286	0.277479066
9.842857143	-0.541044173
9.85	2
9.857142857	-0.541044173
9.864285714	0.277479066
9.871428571	-1.756759395
9.878571429	0.400968868
9.885714286	0.347947743
9.892857143	1.123489802
9.9	1.25E-12
9.907142857	-1.123489802
9.914285714	-0.347947743
9.921428571	-0.400968868
9.928571429	1.756759395
9.935714286	-0.277479066
9.942857143	0.541044173
9.95	-2
9.957142857	0.541044173
9.964285714	-0.277479066
9.971428571	1.756759395
9.978571429	-0.400968868
9.985714286	-0.347947743
9.992857143	-1.123489802
10	-3.06E-13
10.00714286	1.123489802
10.01428571	0.347947743
10.02142857	0.400968868
10.02857143	-1.756759395
10.03571429	0.277479066
10.04285714	-0.541044173
10.05	2
10.05714286	-0.541044173
10.06428571	0.277479066
10.07142857	-1.756759395
10.07857143	0.400968868
10.08571429	0.347947743
10.09285714	1.123489802
10.1	2.72E-13
10.10714286	-1.123489802
10.11428571	-0.347947743
10.12142857	-0.400968868
10.12857143	1.756759395
10.13571429	-0.277479066
10.14285714	0.541044173
10.15	-2
10.15714286	0.541044173
10.16428571	-0.277479066
10.17142857	1.756759395
10.17857143	-0.400968868
10.18571429	-0.347947743
10.19285714	-1.123489802
10.2	-4.66E-13
10.20714286	1.123489802
10.21428571	0.347947743
10.22142857	0.400968868
10.22857143	-1.756759395
10.23571429	0.277479066
10.24285714	-0.541044173
10.25	2
10.25714286	-0.541044173
10.26428571	0.277479066
10.27142857	-1.756759395
10.27857143	0.400968868
10.28571429	0.347947743
10.29285714	1.123489802
10.3	-2.49E-13
10.30714286	-1.123489802
10.31428571	-0.347947743
10.32142857	-0.400968868
10.32857143	1.756759395
10.33571429	-0.277479066
10.34285714	0.541044173
10.35	-2
10.35714286	0.541044173
10.36428571	-0.277479066
10.37142857	1.756759395
10.37857143	-0.400968868
10.38571429	-0.347947743
10.39285714	-1.123489802
10.4	-1.08E-12
10.40714286	1.123489802
10.41428571	0.347947743
10.42142857	0.400968868
10.42857143	-1.756759395
10.43571429	0.277479066
10.44285714	-0.541044173
10.45	2
10.45714286	-0.541044173
10.46428571	0.277479066
10.47142857	-1.756759395
10.47857143	0.400968868
10.48571429	0.347947743
10.49285714	1.123489802
10.5	3.66E-13
10.50714286	-1.123489802
10.51428571	-0.347947743
10.52142857	-0.400968868
10.52857143	1.756759395
10.53571429	-0.277479066
10.54285714	0.541044173
10.55	-2
10.55714286	0.541044173
10.56428571	-0.277479066
10.57142857	1.756759395
10.57857143	-0.400968868
10.58571429	-0.347947743
10.59285714	-1.123489802
10.6	-5.61E-13
10.60714286	1.123489802
10.61428571	0.347947743
10.62142857	0.400968868
10.62857143	-1.756759395
10.63571429	0.277479066
10.64285714	-0.541044173
10.65	2
10.65714286	-0.541044173
10.66428571	0.277479066
10.67142857	-1.756759395
10.67857143	0.400968868
10.68571429	0.347947743
10.69285714	1.123489802
10.7	9.82E-13
10.70714286	-1.123489802
10.71428571	-0.347947743
10.72142857	-0.400968868
10.72857143	1.756759395
10.73571429	-0.277479066
10.74285714	0.541044173
10.75	-2
10.75714286	0.541044173
10.76428571	-0.277479066
10.77142857	1.756759395
10.77857143	-0.400968868
10.78571429	-0.347947743
10.79285714	-1.123489802
10.8	-1.18E-12
10.80714286	1.123489802
10.81428571	0.347947743
10.82142857	0.400968868
10.82857143	-1.756759395
10.83571429	0.277479066
10.84285714	-0.541044173
10.85	2
10.85714286	-0.541044173
10.86428571	0.277479066
10.87142857	-1.756759395
10.87857143	0.400968868
10.88571429	0.347947743
10.89285714	1.123489802
10.9	1.60E-12
10.90714286	-1.123489802
10.91428571	-0.347947743
10.92142857	-0.400968868
10.92857143	1.756759395
10.93571429	-0.277479066
10.94285714	0.541044173
10.95	-2
10.95714286	0.541044173
10.96428571	-0.277479066
10.97142857	1.756759395
10.97857143	-0.400968868
10.98571429	-0.347947743
10.99285714	-1.123489802
11	-6.55E-13
11.00714286	1.123489802
11.01428571	0.347947743
11.02142857	0.400968868
11.02857143	-1.756759395
11.03571429	0.277479066
11.04285714	-0.541044173
11.05	2
11.05714286	-0.541044173
11.06428571	0.277479066
11.07142857	-1.756759395
11.07857143	0.400968868
11.08571429	0.347947743
11.09285714	1.123489802
11.1	8.49E-13
11.10714286	-1.123489802
11.11428571	-0.347947743
11.12142857	-0.400968868
11.12857143	1.756759395
11.13571429	-0.277479066
11.14285714	0.541044173
11.15	-2
11.15714286	0.541044173
11.16428571	-0.277479066
11.17142857	1.756759395
11.17857143	-0.400968868
11.18571429	-0.347947743
11.19285714	-1.123489802
11.2	-1.27E-12
11.20714286	1.123489802
11.21428571	0.347947743
11.22142857	0.400968868
11.22857143	-1.756759395
11.23571429	0.277479066
11.24285714	-0.541044173
11.25	2
11.25714286	-0.541044173
11.26428571	0.277479066
11.27142857	-1.756759395
11.27857143	0.400968868
11.28571429	0.347947743
11.29285714	1.123489802
11.3	5.55E-13
11.30714286	-1.123489802
11.31428571	-0.347947743
11.32142857	-0.400968868
11.32857143	1.756759395
11.33571429	-0.277479066
11.34285714	0.541044173
11.35	-2
11.35714286	0.541044173
11.36428571	-0.277479066
11.37142857	1.756759395
11.37857143	-0.400968868
11.38571429	-0.347947743
11.39285714	-1.123489802
11.4	-9.76E-13
11.40714286	1.123489802
11.41428571	0.347947743
11.42142857	0.400968868
11.42857143	-1.756759395
11.43571429	0.277479066
11.44285714	-0.541044173
11.45	2
11.45714286	-0.541044173
11.46428571	0.277479066
11.47142857	-1.756759395
11.47857143	0.400968868
11.48571429	0.347947743
11.49285714	1.123489802
11.5	3.32E-14
11.50714286	-1.123489802
11.51428571	-0.347947743
11.52142857	-0.400968868
11.52857143	1.756759395
11.53571429	-0.277479066
11.54285714	0.541044173
11.55	-2
11.55714286	0.541044173
11.56428571	-0.277479066
11.57142857	1.756759395
11.57857143	-0.400968868
11.58571429	-0.347947743
11.59285714	-1.123489802
11.6	-4.55E-13
11.60714286	1.123489802
11.61428571	0.347947743
11.62142857	0.400968868
11.62857143	-1.756759395
11.63571429	0.277479066
11.64285714	-0.541044173
11.65	2
11.65714286	-0.541044173
11.66428571	0.277479066
11.67142857	-1.756759395
11.67857143	0.400968868
11.68571429	0.347947743
11.69285714	1.123489802
11.7	6.49E-13
11.70714286	-1.123489802
11.71428571	-0.347947743
11.72142857	-0.400968868
11.72857143	1.756759395
11.73571429	-0.277479066
11.74285714	0.541044173
11.75	-2
11.75714286	0.541044173
11.76428571	-0.277479066
11.77142857	1.756759395
11.77857143	-0.400968868
11.78571429	-0.347947743
11.79285714	-1.123489802
11.8	-1.07E-12
11.80714286	1.123489802
11.81428571	0.347947743
11.82142857	0.400968868
11.82857143	-1.756759395
11.83571429	0.277479066
11.84285714	-0.541044173
11.85	2
11.85714286	-0.541044173
11.86428571	0.277479066
11.87142857	-1.756759395
11.87857143	0.400968868
11.88571429	0.347947743
11.89285714	1.123489802
11.9	1.26E-12
11.90714286	-1.123489802
11.91428571	-0.347947743
11.92142857	-0.400968868
11.92857143	1.756759395
11.93571429	-0.277479066
11.94285714	0.541044173
11.95	-2
11.95714286	0.541044173
11.96428571	-0.277479066
11.97142857	1.756759395
11.97857143	-0.400968868
11.98571429	-0.347947743
11.99285714	-1.123489802
12	-5.49E-13
12.00714286	1.123489802
12.01428571	0.347947743
12.02142857	0.400968868
12.02857143	-1.756759395
12.03571429	0.277479066
12.04285714	-0.541044173
12.05	2
12.05714286	-0.541044173
12.06428571	0.277479066
12.07142857	-1.756759395
12.07857143	0.400968868
12.08571429	0.347947743
12.09285714	1.123489802
12.1	7.43E-13
12.10714286	-1.123489802
12.11428571	-0.347947743
12.12142857	-0.400968868
12.12857143	1.756759395
12.13571429	-0.277479066
12.14285714	0.541044173
12.15	-2
12.15714286	0.541044173
12.16428571	-0.277479066
12.17142857	1.756759395
12.17857143	-0.400968868
12.18571429	-0.347947743
12.19285714	-1.123489802
12.2	-1.16E-12
12.20714286	1.123489802
12.21428571	0.347947743
12.22142857	0.400968868
12.22857143	-1.756759395
12.23571429	0.277479066
12.24285714	-0.541044173
12.25	2
12.25714286	-0.541044173
12.26428571	0.277479066
12.27142857	-1.756759395
12.27857143	0.400968868
12.28571429	0.347947743
12.29285714	1.123489802
12.3	1.36E-12
12.30714286	-1.123489802
12.31428571	-0.347947743
12.32142857	-0.400968868
12.32857143	1.756759395
12.33571429	-0.277479066
12.34285714	0.541044173
12.35	-2
12.35714286	0.541044173
12.36428571	-0.277479066
12.37142857	1.756759395
12.37857143	-0.400968868
12.38571429	-0.347947743
12.39285714	-1.123489802
12.4	-1.78E-12
12.40714286	1.123489802
12.41428571	0.347947743
12.42142857	0.400968868
12.42857143	-1.756759395
12.43571429	0.277479066
12.44285714	-0.541044173
12.45	2
12.45714286	-0.541044173
12.46428571	0.277479066
12.47142857	-1.756759395
12.47857143	0.400968868
12.48571429	0.347947743
12.49285714	1.123489802
12.5	8.37E-13
12.50714286	-1.123489802
12.51428571	-0.347947743
12.52142857	-0.400968868
12.52857143	1.756759395
12.53571429	-0.277479066
12.54285714	0.541044173
12.55	-2
12.55714286	0.541044173
12.56428571	-0.277479066
12.57142857	1.756759395
12.57857143	-0.400968868
12.58571429	-0.347947743
12.59285714	-1.123489802
12.6	-1.03E-12
12.60714286	1.123489802
12.61428571	0.347947743
12.62142857	0.400968868
12.62857143	-1.756759395
12.63571429	0.277479066
12.64285714	-0.541044173
12.65	2
12.65714286	-0.541044173
12.66428571	0.277479066
12.67142857	-1.756759395
12.67857143	0.400968868
12.68571429	0.347947743
12.69285714	1.123489802
12.7	5.43E-13
12.70714286	-1.123489802
12.71428571	-0.347947743
12.72142857	-0.400968868
12.72857143	1.756759395
12.73571429	-0.277479066
12.74285714	0.541044173
12.75	-2
12.75714286	0.541044173
12.76428571	-0.277479066
12.77142857	1.756759395
12.77857143	-0.400968868
12.78571429	-0.347947743
12.79285714	-1.123489802
12.8	-7.37E-13
12.80714286	1.123489802
12.81428571	0.347947743
12.82142857	0.400968868
12.82857143	-1.756759395
12.83571429	0.277479066
12.84285714	-0.541044173
12.85	2
12.85714286	-0.541044173
12.86428571	0.277479066
12.87142857	-1.756759395
12.87857143	0.400968868
12.88571429	0.347947743
12.89285714	1.123489802
12.9	1.16E-12
12.90714286	-1.123489802
12.91428571	-0.347947743
12.92142857	-0.400968868
12.92857143	1.756759395
12.93571429	-0.277479066
12.94285714	0.541044173
12.95	-2
12.95714286	0.541044173
12.96428571	-0.277479066
12.97142857	1.756759395
12.97857143	-0.400968868
12.98571429	-0.347947743
12.99285714	-1.123489802
13	-2.16E-13
13.00714286	1.123489802
13.01428571	0.347947743
13.02142857	0.400968868
13.02857143	-1.756759395
13.03571429	0.277479066
13.04285714	-0.541044173
13.05	2
13.05714286	-0.541044173
13.06428571	0.277479066
13.07142857	-1.756759395
13.07857143	0.400968868
13.08571429	0.347947743
13.09285714	1.123489802
13.1	6.37E-13
13.10714286	-1.123489802
13.11428571	-0.347947743
13.12142857	-0.400968868
13.12857143	1.756759395
13.13571429	-0.277479066
13.14285714	0.541044173
13.15	-2
13.15714286	0.541044173
13.16428571	-0.277479066
13.17142857	1.756759395
13.17857143	-0.400968868
13.18571429	-0.347947743
13.19285714	-1.123489802
13.2	-1.06E-12
13.20714286	1.123489802
13.21428571	0.347947743
13.22142857	0.400968868
13.22857143	-1.756759395
13.23571429	0.277479066
13.24285714	-0.541044173
13.25	2
13.25714286	-0.541044173
13.26428571	0.277479066
13.27142857	-1.756759395
13.27857143	0.400968868
13.28571429	0.347947743
13.29285714	1.123489802
13.3	1.03E-12
13.30714286	-1.123489802
13.31428571	-0.347947743
13.32142857	-0.400968868
13.32857143	1.756759395
13.33571429	-0.277479066
13.34285714	0.541044173
13.35	-2
13.35714286	0.541044173
13.36428571	-0.277479066
13.37142857	1.756759395
13.37857143	-0.400968868
13.38571429	-0.347947743
13.39285714	-1.123489802
13.4	-1.45E-12
13.40714286	1.123489802
13.41428571	0.347947743
13.42142857	0.400968868
13.42857143	-1.756759395
13.43571429	0.277479066
13.44285714	-0.541044173
13.45	2
13.45714286	-0.541044173
13.46428571	0.277479066
13.47142857	-1.756759395
13.47857143	0.400968868
13.48571429	0.347947743
13.49285714	1.123489802
13.5	5.04E-13
13.50714286	-1.123489802
13.51428571	-0.347947743
13.52142857	-0.400968868
13.52857143	1.756759395
13.53571429	-0.277479066
13.54285714	0.541044173
13.55	-2
13.55714286	0.541044173
13.56428571	-0.277479066
13.57142857	1.756759395
13.57857143	-0.400968868
13.58571429	-0.347947743
13.59285714	-1.123489802
13.6	-9.25E-13
13.60714286	1.123489802
13.61428571	0.347947743
13.62142857	0.400968868
13.62857143	-1.756759395
13.63571429	0.277479066
13.64285714	-0.541044173
13.65	2
13.65714286	-0.541044173
13.66428571	0.277479066
13.67142857	-1.756759395
13.67857143	0.400968868
13.68571429	0.347947743
13.69285714	1.123489802
13.7	1.35E-12
13.70714286	-1.123489802
13.71428571	-0.347947743
13.72142857	-0.400968868
13.72857143	1.756759395
13.73571429	-0.277479066
13.74285714	0.541044173
13.75	-2
13.75714286	0.541044173
13.76428571	-0.277479066
13.77142857	1.756759395
13.77857143	-0.400968868
13.78571429	-0.347947743
13.79285714	-1.123489802
13.8	-1.31E-12
13.80714286	1.123489802
13.81428571	0.347947743
13.82142857	0.400968868
13.82857143	-1.756759395
13.83571429	0.277479066
13.84285714	-0.541044173
13.85	2
13.85714286	-0.541044173
13.86428571	0.277479066
13.87142857	-1.756759395
13.87857143	0.400968868
13.88571429	0.347947743
13.89285714	1.123489802
13.9	8.25E-13
13.90714286	-1.123489802
13.91428571	-0.347947743
13.92142857	-0.400968868
13.92857143	1.756759395
13.93571429	-0.277479066
13.94285714	0.541044173
13.95	-2
13.95714286	0.541044173
13.96428571	-0.277479066
13.97142857	1.756759395
13.97857143	-0.400968868
13.98571429	-0.347947743
13.99285714	-1.123489802
14	-7.92E-13
14.00714286	1.123489802
14.01428571	0.347947743
14.02142857	0.400968868
14.02857143	-1.756759395
14.03571429	0.277479066
14.04285714	-0.541044173
14.05	2
14.05714286	-0.541044173
14.06428571	0.277479066
14.07142857	-1.756759395
14.07857143	0.400968868
14.08571429	0.347947743
14.09285714	1.123489802
14.1	3.04E-13
14.10714286	-1.123489802
14.11428571	-0.347947743
14.12142857	-0.400968868
14.12857143	1.756759395
14.13571429	-0.277479066
14.14285714	0.541044173
14.15	-2
14.15714286	0.541044173
14.16428571	-0.277479066
14.17142857	1.756759395
14.17857143	-0.400968868
14.18571429	-0.347947743
14.19285714	-1.123489802
14.2	-7.25E-13
14.20714286	1.123489802
14.21428571	0.347947743
14.22142857	0.400968868
14.22857143	-1.756759395
14.23571429	0.277479066
14.24285714	-0.541044173
14.25	2
14.25714286	-0.541044173
14.26428571	0.277479066
14.27142857	-1.756759395
14.27857143	0.400968868
14.28571429	0.347947743
14.29285714	1.123489802
14.3	1.15E-12
14.30714286	-1.123489802
14.31428571	-0.347947743
14.32142857	-0.400968868
14.32857143	1.756759395
14.33571429	-0.277479066
14.34285714	0.541044173
14.35	-2
14.35714286	0.541044173
14.36428571	-0.277479066
14.37142857	1.756759395
14.37857143	-0.400968868
14.38571429	-0.347947743
14.39285714	-1.123489802
14.4	-1.11E-12
14.40714286	1.123489802
14.41428571	0.347947743
14.42142857	0.400968868
14.42857143	-1.756759395
14.43571429	0.277479066
14.44285714	-0.541044173
14.45	2
14.45714286	-0.541044173
14.46428571	0.277479066
14.47142857	-1.756759395
14.47857143	0.400968868
14.48571429	0.347947743
14.49285714	1.123489802
14.5	6.25E-13
14.50714286	-1.123489802
14.51428571	-0.347947743
14.52142857	-0.400968868
14.52857143	1.756759395
14.53571429	-0.277479066
14.54285714	0.541044173
14.55	-2