0.0000000	-0.0000000
0.0071429	1.1234898
0.0142857	0.3479477
0.0214286	0.4009689
0.0285714	-1.7567594
0.0357143	0.2774791
0.0428571	-0.5410442
0.0500000	2.0000000
0.0571429	-0.5410442
0.0642857	0.2774791
0.0714286	-1.7567594
0.0785714	0.4009689
0.0857143	0.3479477
0.0928571	1.1234898
0.1000000	0.0000000
0.1071429	-1.1234898
0.1142857	-0.3479477
0.1214286	-0.4009689
0.1285714	1.7567594
0.1357143	-0.2774791
0.1428571	0.5410442
0.1500000	-2.0000000
0.1571429	0.5410442
0.1642857	-0.2774791
0.1714286	1.7567594
0.1785714	-0.4009689
0.1857143	-0.3479477
0.1928571	-1.1234898
0.2000000	-0.0000000
0.2071429	1.1234898
0.2142857	0.3479477
0.2214286	0.4009689
0.2285714	-1.7567594
0.2357143	0.2774791
0.2428571	-0.5410442
0.2500000	2.0000000
0.2571429	-0.5410442
0.2642857	0.2774791
0.2714286	-1.7567594
0.2785714	0.4009689
0.2857143	0.3479477
0.2928571	1.1234898
0.3000000	0.0000000
0.3071429	-1.1234898
0.3142857	-0.3479477
0.3214286	-0.4009689
0.3285714	1.7567594
0.3357143	-0.2774791
0.3428571	0.5410442
0.3500000	-2.0000000
0.3571429	0.5410442
0.3642857	-0.2774791
0.3714286	1.7567594
0.3785714	-0.4009689
0.3857143	-0.3479477
0.3928571	-1.1234898
0.4000000	-0.0000000
0.4071429	1.1234898
0.4142857	0.3479477
0.4214286	0.4009689
0.4285714	-1.7567594
0.4357143	0.2774791
0.4428571	-0.5410442
0.4500000	2.0000000
0.4571429	-0.5410442
0.4642857	0.2774791
0.4714286	-1.7567594
0.4785714	0.4009689
0.4857143	0.3479477
0.4928571	1.1234898
0.5000000	0.0000000
0.5071429	-1.1234898
0.5142857	-0.3479477
0.5214286	-0.4009689
0.5285714	1.7567594
0.5357143	-0.2774791
0.5428571	0.5410442
0.5500000	-2.0000000
0.5571429	0.5410442
0.5642857	-0.2774791
0.5714286	1.7567594
0.5785714	-0.4009689
0.5857143	-0.3479477
0.5928571	-1.1234898
0.6000000	-0.0000000
0.6071429	1.1234898
0.6142857	0.3479477
0.6214286	0.4009689
0.6285714	-1.7567594
0.6357143	0.2774791
0.6428571	-0.5410442
0.6500000	2.0000000
0.6571429	-0.5410442
0.6642857	0.2774791
0.6714286	-1.7567594
0.6785714	0.4009689
0.6857143	0.3479477
0.6928571	1.1234898
0.7000000	0.0000000
0.7071429	-1.1234898
0.7142857	-0.3479477
0.7214286	-0.4009689
0.7285714	1.7567594
0.7357143	-0.2774791
0.7428571	0.5410442
0.7500000	-2.0000000
0.7571429	0.5410442
0.7642857	-0.2774791
0.7714286	1.7567594
0.7785714	-0.4009689
0.7857143	-0.3479477
0.7928571	-1.1234898
0.8000000	-0.0000000
0.8071429	1.1234898
0.8142857	0.3479477
0.8214286	0.4009689
0.8285714	-1.7567594
0.8357143	0.2774791
0.8428571	-0.5410442
0.8500000	2.0000000
0.8571429	-0.5410442
0.8642857	0.2774791
0.8714286	-1.7567594
0.8785714	0.4009689
0.8857143	0.3479477
0.8928571	1.1234898
0.9000000	0.0000000
0.9071429	-1.1234898
0.9142857	-0.3479477
0.9214286	-0.4009689
0.9285714	1.7567594
0.9357143	-0.2774791
0.9428571	0.5410442
0.9500000	-2.0000000
0.9571429	0.5410442
0.9642857	-0.2774791
0.9714286	1.7567594
0.9785714	-0.4009689
0.9857143	-0.3479477
0.9928571	-1.1234898
1.0000000	-0.0000000
1.0071429	1.1234898
1.0142857	0.3479477
1.0214286	0.4009689
1.0285714	-1.7567594
1.0357143	0.2774791
1.0428571	-0.5410442
1.0500000	2.0000000
1.0571429	-0.5410442
1.0642857	0.2774791
1.0714286	-1.7567594
1.0785714	0.4009689
1.0857143	0.3479477
1.0928571	1.1234898
1.1000000	0.0000000
1.1071429	-1.1234898
1.1142857	-0.3479477
1.1214286	-0.4009689
1.1285714	1.7567594
1.1357143	-0.2774791
1.1428571	0.5410442
1.1500000	-2.0000000
1.1571429	0.5410442
1.1642857	-0.2774791
1.1714286	1.7567594
1.1785714	-0.4009689
1.1857143	-0.3479477
1.1928571	-1.1234898
1.2000000	-0.0000000
1.2071429	1.1234898
1.2142857	0.3479477
1.2214286	0.4009689
1.2285714	-1.7567594
1.2357143	0.2774791
1.2428571	-0.5410442
1.2500000	2.0000000
1.2571429	-0.5410442
1.2642857	0.2774791
1.2714286	-1.7567594
1.2785714	0.4009689
1.2857143	0.3479477
1.2928571	1.1234898
1.3000000	-0.0000000
1.3071429	-1.1234898
1.3142857	-0.3479477
1.3214286	-0.4009689
1.3285714	1.7567594
1.3357143	-0.2774791
1.3428571	0.5410442
1.3500000	-2.0000000
1.3571429	0.5410442
1.3642857	-0.2774791
1.3714286	1.7567594
1.3785714	-0.4009689
1.3857143	-0.3479477
1.3928571	-1.1234898
1.4000000	-0.0000000
1.4071429	1.1234898
1.4142857	0.3479477
1.4214286	0.4009689
1.4285714	-1.7567594
1.4357143	0.2774791
1.4428571	-0.5410442
1.4500000	2.0000000
1.4571429	-0.5410442
1.4642857	0.2774791
1.4714286	-1.7567594
1.4785714	0.4009689
1.4857143	0.3479477
1.4928571	1.1234898
1.5000000	0.0000000
1.5071429	-1.1234898
1.5142857	-0.3479477
1.5214286	-0.4009689
1.5285714	1.7567594
1.5357143	-0.2774791
1.5428571	0.5410442
1.5500000	-2.0000000
1.5571429	0.5410442
1.5642857	-0.2774791
1.5714286	1.7567594
1.5785714	-0.4009689
1.5857143	-0.3479477
1.5928571	-1.1234898
1.6000000	-0.0000000
1.6071429	1.1234898
1.6142857	0.3479477
1.6214286	0.4009689
1.6285714	-1.7567594
1.6357143	0.2774791
1.6428571	-0.5410442
1.6500000	2.0000000
1.6571429	-0.5410442
1.6642857	0.2774791
1.6714286	-1.7567594
1.6785714	0.4009689
1.6857143	0.3479477
1.6928571	1.1234898
1.7000000	0.0000000
1.7071429	-1.1234898
1.7142857	-0.3479477
1.7214286	-0.4009689
1.7285714	1.7567594
1.7357143	-0.2774791
1.7428571	0.5410442
1.7500000	-2.0000000
1.7571429	0.5410442
1.7642857	-0.2774791
1.7714286	1.7567594
1.7785714	-0.4009689
1.7857143	-0.3479477
1.7928571	-1.1234898
1.8000000	-0.0000000
1.8071429	1.1234898
1.8142857	0.3479477
1.8214286	0.4009689
1.8285714	-1.7567594
1.8357143	0.2774791
1.8428571	-0.5410442
1.8500000	2.0000000
1.8571429	-0.5410442
1.8642857	0.2774791
1.8714286	-1.7567594
1.8785714	0.4009689
1.8857143	0.3479477
1.8928571	1.1234898
1.9000000	0.0000000
1.9071429	-1.1234898
1.9142857	-0.3479477
1.9214286	-0.4009689
1.9285714	1.7567594
1.9357143	-0.2774791
1.9428571	0.5410442
1.9500000	-2.0000000
1.9571429	0.5410442
1.9642857	-0.2774791
1.9714286	1.7567594
1.9785714	-0.4009689
1.9857143	-0.3479477
1.9928571	-1.1234898
2.0000000	-0.0000000
2.0071429	1.1234898
2.0142857	0.3479477
2.0214286	0.4009689
2.0285714	-1.7567594
2.0357143	0.2774791
2.0428571	-0.5410442
2.0500000	2.0000000
2.0571429	-0.5410442
2.0642857	0.2774791
2.0714286	-1.7567594
2.0785714	0.4009689
2.0857143	0.3479477
2.0928571	1.1234898
2.1000000	-0.0000000
2.1071429	-1.1234898
2.1142857	-0.3479477
2.1214286	-0.4009689
2.1285714	1.7567594
2.1357143	-0.2774791
2.1428571	0.5410442
2.1500000	-2.0000000
2.1571429	0.5410442
2.1642857	-0.2774791
2.1714286	1.7567594
2.1785714	-0.4009689
2.1857143	-0.3479477
2.1928571	-1.1234898
2.2000000	-0.0000000
2.2071429	1.1234898
2.2142857	0.3479477
2.2214286	0.4009689
2.2285714	-1.7567594
2.2357143	0.2774791
2.2428571	-0.5410442
2.2500000	2.0000000
2.2571429	-0.5410442
2.2642857	0.2774791
2.2714286	-1.7567594
2.2785714	0.4009689
2.2857143	0.3479477
2.2928571	1.1234898
2.3000000	0.0000000
2.3071429	-1.1234898
2.3142857	-0.3479477
2.3214286	-0.4009689
2.3285714	1.7567594
2.3357143	-0.2774791
2.3428571	0.5410442
2.3500000	-2.0000000
2.3571429	0.5410442
2.3642857	-0.2774791
2.3714286	1.7567594
2.3785714	-0.4009689
2.3857143	-0.3479477
2.3928571	-1.1234898
2.4000000	-0.0000000
2.4071429	1.1234898
2.4142857	0.3479477
2.4214286	0.4009689
2.4285714	-1.7567594
2.4357143	0.2774791
2.4428571	-0.5410442
2.4500000	2.0000000
2.4571429	-0.5410442
2.4642857	0.2774791
2.4714286	-1.7567594
2.4785714	0.4009689
2.4857143	0.3479477
2.4928571	1.1234898
2.5000000	0.0000000
2.5071429	-1.1234898
2.5142857	-0.3479477
2.5214286	-0.4009689
2.5285714	1.7567594
2.5357143	-0.2774791
2.5428571	0.5410442
2.5500000	-2.0000000
2.5571429	0.5410442
2.5642857	-0.2774791
2.5714286	1.7567594
2.5785714	-0.4009689
2.5857143	-0.3479477
2.5928571	-1.1234898
2.6000000	0.0000000
2.6071429	1.1234898
2.6142857	0.3479477
2.6214286	0.4009689
2.6285714	-1.7567594
2.6357143	0.2774791
2.6428571	-0.5410442
2.6500000	2.0000000
2.6571429	-0.5410442
2.6642857	0.2774791
2.6714286	-1.7567594
2.6785714	0.4009689
2.6857143	0.3479477
2.6928571	1.1234898
2.7000000	0.0000000
2.7071429	-1.1234898
2.7142857	-0.3479477
2.7214286	-0.4009689
2.7285714	1.7567594
2.7357143	-0.2774791
2.7428571	0.5410442
2.7500000	-2.0000000
2.7571429	0.5410442
2.7642857	-0.2774791
2.7714286	1.7567594
2.7785714	-0.4009689
2.7857143	-0.3479477
2.7928571	-1.1234898
2.8000000	-0.0000000
2.8071429	1.1234898
2.8142857	0.3479477
2.8214286	0.4009689
2.8285714	-1.7567594
2.8357143	0.2774791
2.8428571	-0.5410442
2.8500000	2.0000000
2.8571429	-0.5410442
2.8642857	0.2774791
2.8714286	-1.7567594
2.8785714	0.4009689
2.8857143	0.3479477
2.8928571	1.1234898
2.9000000	0.0000000
2.9071429	-1.1234898
2.9142857	-0.3479477
2.9214286	-0.4009689
2.9285714	1.7567594
2.9357143	-0.2774791
2.9428571	0.5410442
2.9500000	-2.0000000
2.9571429	0.5410442
2.9642857	-0.2774791
2.9714286	1.7567594
2.9785714	-0.4009689
2.9857143	-0.3479477
2.9928571	-1.1234898
3.0000000	-0.0000000
3.0071429	1.1234898
3.0142857	0.3479477
3.0214286	0.4009689
3.0285714	-1.7567594
3.0357143	0.2774791
3.0428571	-0.5410442
3.0500000	2.0000000
3.0571429	-0.5410442
3.0642857	0.2774791
3.0714286	-1.7567594
3.0785714	0.4009689
3.0857143	0.3479477
3.0928571	1.1234898
3.1000000	0.0000000
3.1071429	-1.1234898
3.1142857	-0.3479477
3.1214286	-0.4009689
3.1285714	1.7567594
3.1357143	-0.2774791
3.1428571	0.5410442
3.1500000	-2.0000000
3.1571429	0.5410442
3.1642857	-0.2774791
3.1714286	1.7567594
3.1785714	-0.4009689
3.1857143	-0.3479477
3.1928571	-1.1234898
3.2000000	-0.0000000
3.2071429	1.1234898
3.2142857	0.3479477
3.2214286	0.4009689
3.2285714	-1.7567594
3.2357143	0.2774791
3.2428571	-0.5410442
3.2500000	2.0000000
3.2571429	-0.5410442
3.2642857	0.2774791
3.2714286	-1.7567594
3.2785714	0.4009689
3.2857143	0.3479477
3.2928571	1.1234898
3.3000000	0.0000000
3.3071429	-1.1234898
3.3142857	-0.3479477
3.3214286	-0.4009689
3.3285714	1.7567594
3.3357143	-0.2774791
3.3428571	0.5410442
3.3500000	-2.0000000
3.3571429	0.5410442
3.3642857	-0.2774791
3.3714286	1.7567594
3.3785714	-0.4009689
3.3857143	-0.3479477
3.3928571	-1.1234898
3.4000000	-0.0000000
3.4071429	1.1234898
3.4142857	0.3479477
3.4214286	0.4009689
3.4285714	-1.7567594
3.4357143	0.2774791
3.4428571	-0.5410442
3.4500000	2.0000000
3.4571429	-0.5410442
3.4642857	0.2774791
3.4714286	-1.7567594
3.4785714	0.4009689
3.4857143	0.3479477
3.4928571	1.1234898
3.5000000	0.0000000
3.5071429	-1.1234898
3.5142857	-0.3479477
3.5214286	-0.4009689
3.5285714	1.7567594
3.5357143	-0.2774791
3.5428571	0.5410442
3.5500000	-2.0000000
3.5571429	0.5410442
3.5642857	-0.2774791
3.5714286	1.7567594
3.5785714	-0.4009689
3.5857143	-0.3479477
3.5928571	-1.1234898
3.6000000	-0.0000000
3.6071429	1.1234898
3.6142857	0.3479477
3.6214286	0.4009689
3.6285714	-1.7567594
3.6357143	0.2774791
3.6428571	-0.5410442
3.6500000	2.0000000
3.6571429	-0.5410442
3.6642857	0.2774791
3.6714286	-1.7567594
3.6785714	0.4009689
3.6857143	0.3479477
3.6928571	1.1234898
3.7000000	0.0000000
3.7071429	-1.1234898
3.7142857	-0.3479477
3.7214286	-0.4009689
3.7285714	1.7567594
3.7357143	-0.2774791
3.7428571	0.5410442
3.7500000	-2.0000000
3.7571429	0.5410442
3.7642857	-0.2774791
3.7714286	1.7567594
3.7785714	-0.4009689
3.7857143	-0.3479477
3.7928571	-1.1234898
3.8000000	-0.0000000
3.8071429	1.1234898
3.8142857	0.3479477
3.8214286	0.4009689
3.8285714	-1.7567594
3.8357143	0.2774791
3.8428571	-0.5410442
3.8500000	2.0000000
3.8571429	-0.5410442
3.8642857	0.2774791
3.8714286	-1.7567594
3.8785714	0.4009689
3.8857143	0.3479477
3.8928571	1.1234898
3.9000000	0.0000000
3.9071429	-1.1234898
3.9142857	-0.3479477
3.9214286	-0.4009689
3.9285714	1.7567594
3.9357143	-0.2774791
3.9428571	0.5410442
3.9500000	-2.0000000
3.9571429	0.5410442
3.9642857	-0.2774791
3.9714286	1.7567594
3.9785714	-0.4009689
3.9857143	-0.3479477
3.9928571	-1.1234898
4.0000000	-0.0000000
4.0071429	1.1234898
4.0142857	0.3479477
4.0214286	0.4009689
4.0285714	-1.7567594
4.0357143	0.2774791
4.0428571	-0.5410442
4.0500000	2.0000000
4.0571429	-0.5410442
4.0642857	0.2774791
4.0714286	-1.7567594
4.0785714	0.4009689
4.0857143	0.3479477
4.0928571	1.1234898
4.1000000	0.0000000
4.1071429	-1.1234898
4.1142857	-0.3479477
4.1214286	-0.4009689
4.1285714	1.7567594
4.1357143	-0.2774791
4.1428571	0.5410442
4.1500000	-2.0000000
4.1571429	0.5410442
4.1642857	-0.2774791
4.1714286	1.7567594
4.1785714	-0.4009689
4.1857143	-0.3479477
4.1928571	-1.1234898
4.2000000	0.0000000
4.2071429	1.1234898
4.2142857	0.3479477
4.2214286	0.4009689
4.2285714	-1.7567594
4.2357143	0.2774791
4.2428571	-0.5410442
4.2500000	2.0000000
4.2571429	-0.5410442
4.2642857	0.2774791
4.2714286	-1.7567594
4.2785714	0.4009689
4.2857143	0.3479477
4.2928571	1.1234898
4.3000000	0.0000000
4.3071429	-1.1234898
4.3142857	-0.3479477
4.3214286	-0.4009689
4.3285714	1.7567594
4.3357143	-0.2774791
4.3428571	0.5410442
4.3500000	-2.0000000
4.3571429	0.5410442
4.3642857	-0.2774791
4.3714286	1.7567594
4.3785714	-0.4009689
4.3857143	-0.3479477
4.3928571	-1.1234898
4.4000000	-0.0000000
4.4071429	1.1234898
4.4142857	0.3479477
4.4214286	0.4009689
4.4285714	-1.7567594
4.4357143	0.2774791
4.4428571	-0.5410442
4.4500000	2.0000000
4.4571429	-0.5410442
4.4642857	0.2774791
4.4714286	-1.7567594
4.4785714	0.4009689
4.4857143	0.3479477
4.4928571	1.1234898
4.5000000	0.0000000
4.5071429	-1.1234898
4.5142857	-0.3479477
4.5214286	-0.4009689
4.5285714	1.7567594
4.5357143	-0.2774791
4.5428571	0.5410442
4.5500000	-2.0000000
4.5571429	0.5410442
4.5642857	-0.2774791
4.5714286	1.7567594
4.5785714	-0.4009689
4.5857143	-0.3479477
4.5928571	-1.1234898
4.6000000	-0.0000000
4.6071429	1.1234898
4.6142857	0.3479477
4.6214286	0.4009689
4.6285714	-1.7567594
4.6357143	0.2774791
4.6428571	-0.5410442
4.6500000	2.0000000
4.6571429	-0.5410442
4.6642857	0.2774791
4.6714286	-1.7567594
4.6785714	0.4009689
4.6857143	0.3479477
4.6928571	1.1234898
4.7000000	0.0000000
4.7071429	-1.1234898
4.7142857	-0.3479477
4.7214286	-0.4009689
4.7285714	1.7567594
4.7357143	-0.2774791
4.7428571	0.5410442
4.7500000	-2.0000000
4.7571429	0.5410442
4.7642857	-0.2774791
4.7714286	1.7567594
4.7785714	-0.4009689
4.7857143	-0.3479477
4.7928571	-1.1234898
4.8000000	-0.0000000
4.8071429	1.1234898
4.8142857	0.3479477
4.8214286	0.4009689
4.8285714	-1.7567594
4.8357143	0.2774791
4.8428571	-0.5410442
4.8500000	2.0000000
4.8571429	-0.5410442
4.8642857	0.2774791
4.8714286	-1.7567594
4.8785714	0.4009689
4.8857143	0.3479477
4.8928571	1.1234898
4.9000000	0.0000000
4.9071429	-1.1234898
4.9142857	-0.3479477
4.9214286	-0.4009689
4.9285714	1.7567594
4.9357143	-0.2774791
4.9428571	0.5410442
4.9500000	-2.0000000
4.9571429	0.5410442
4.9642857	-0.2774791
4.9714286	1.7567594
4.9785714	-0.4009689
4.9857143	-0.3479477
4.9928571	-1.1234898
5.0000000	-0.0000000
5.0071429	1.1234898
5.0142857	0.3479477
5.0214286	0.4009689
5.0285714	-1.7567594
5.0357143	0.2774791
5.0428571	-0.5410442
5.0500000	2.0000000
5.0571429	-0.5410442
5.0642857	0.2774791
5.0714286	-1.7567594
5.0785714	0.4009689
5.0857143	0.3479477
5.0928571	1.1234898
5.1000000	0.0000000
5.1071429	-1.1234898
5.1142857	-0.3479477
5.1214286	-0.4009689
5.1285714	1.7567594
5.1357143	-0.2774791
5.1428571	0.5410442
5.1500000	-2.0000000
5.1571429	0.5410442
5.1642857	-0.2774791
5.1714286	1.7567594
5.1785714	-0.4009689
5.1857143	-0.3479477
5.1928571	-1.1234898
5.2000000	0.0000000
5.2071429	1.1234898
5.2142857	0.3479477
5.2214286	0.4009689
5.2285714	-1.7567594
5.2357143	0.2774791
5.2428571	-0.5410442
5.2500000	2.0000000
5.2571429	-0.5410442
5.2642857	0.2774791
5.2714286	-1.7567594
5.2785714	0.4009689
5.2857143	0.3479477
5.2928571	1.1234898
5.3000000	0.0000000
5.3071429	-1.1234898
5.3142857	-0.3479477
5.3214286	-0.4009689
5.3285714	1.7567594
5.3357143	-0.2774791
5.3428571	0.5410442
5.3500000	-2.0000000
5.3571429	0.5410442
5.3642857	-0.2774791
5.3714286	1.7567594
5.3785714	-0.4009689
5.3857143	-0.3479477
5.3928571	-1.1234898
5.4000000	-0.0000000
5.4071429	1.1234898
5.4142857	0.3479477
5.4214286	0.4009689
5.4285714	-1.7567594
5.4357143	0.2774791
5.4428571	-0.5410442
5.4500000	2.0000000
5.4571429	-0.5410442
5.4642857	0.2774791
5.4714286	-1.7567594
5.4785714	0.4009689
5.4857143	0.3479477
5.4928571	1.1234898
5.5000000	0.0000000
5.5071429	-1.1234898
5.5142857	-0.3479477
5.5214286	-0.4009689
5.5285714	1.7567594
5.5357143	-0.2774791
5.5428571	0.5410442
5.5500000	-2.0000000
5.5571429	0.5410442
5.5642857	-0.2774791
5.5714286	1.7567594
5.5785714	-0.4009689
5.5857143	-0.3479477
5.5928571	-1.1234898
5.6000000	-0.0000000
5.6071429	1.1234898
5.6142857	0.3479477
5.6214286	0.4009689
5.6285714	-1.7567594
5.6357143	0.2774791
5.6428571	-0.5410442
5.6500000	2.0000000
5.6571429	-0.5410442
5.6642857	0.2774791
5.6714286	-1.7567594
5.6785714	0.4009689
5.6857143	0.3479477
5.6928571	1.1234898
5.7000000	-0.0000000
5.7071429	-1.1234898
5.7142857	-0.3479477
5.7214286	-0.4009689
5.7285714	1.7567594
5.7357143	-0.2774791
5.7428571	0.5410442
5.7500000	-2.0000000
5.7571429	0.5410442
5.7642857	-0.2774791
5.7714286	1.7567594
5.7785714	-0.4009689
5.7857143	-0.3479477
5.7928571	-1.1234898
5.8000000	-0.0000000
5.8071429	1.1234898
5.8142857	0.3479477
5.8214286	0.4009689
5.8285714	-1.7567594
5.8357143	0.2774791
5.8428571	-0.5410442
5.8500000	2.0000000
5.8571429	-0.5410442
5.8642857	0.2774791
5.8714286	-1.7567594
5.8785714	0.4009689
5.8857143	0.3479477
5.8928571	1.1234898
5.9000000	0.0000000
5.9071429	-1.1234898
5.9142857	-0.3479477
5.9214286	-0.4009689
5.9285714	1.7567594
5.9357143	-0.2774791
5.9428571	0.5410442
5.9500000	-2.0000000
5.9571429	0.5410442
5.9642857	-0.2774791
5.9714286	1.7567594
5.9785714	-0.4009689
5.9857143	-0.3479477
5.9928571	-1.1234898
6.0000000	-0.0000000
6.0071429	1.1234898
6.0142857	0.3479477
6.0214286	0.4009689
6.0285714	-1.7567594
6.0357143	0.2774791
6.0428571	-0.5410442
6.0500000	2.0000000
6.0571429	-0.5410442
6.0642857	0.2774791
6.0714286	-1.7567594
6.0785714	0.4009689
6.0857143	0.3479477
6.0928571	1.1234898
6.1000000	0.0000000
6.1071429	-1.1234898
6.1142857	-0.3479477
6.1214286	-0.4009689
6.1285714	1.7567594
6.1357143	-0.2774791
6.1428571	0.5410442
6.1500000	-2.0000000
6.1571429	0.5410442
6.1642857	-0.2774791
6.1714286	1.7567594
6.1785714	-0.4009689
6.1857143	-0.3479477
6.1928571	-1.1234898
6.2000000	-0.0000000
6.2071429	1.1234898
6.2142857	0.3479477
6.2214286	0.4009689
6.2285714	-1.7567594
6.2357143	0.2774791
6.2428571	-0.5410442
6.2500000	2.0000000
6.2571429	-0.5410442
6.2642857	0.2774791
6.2714286	-1.7567594
6.2785714	0.4009689
6.2857143	0.3479477
6.2928571	1.1234898
6.3000000	0.0000000
6.3071429	-1.1234898
6.3142857	-0.3479477
6.3214286	-0.4009689
6.3285714	1.7567594
6.3357143	-0.2774791
6.3428571	0.5410442
6.3500000	-2.0000000
6.3571429	0.5410442
6.3642857	-0.2774791
6.3714286	1.7567594
6.3785714	-0.4009689
6.3857143	-0.3479477
6.3928571	-1.1234898
6.4000000	-0.0000000
6.4071429	1.1234898
6.4142857	0.3479477
6.4214286	0.4009689
6.4285714	-1.7567594
6.4357143	0.2774791
6.4428571	-0.5410442
6.4500000	2.0000000
6.4571429	-0.5410442
6.4642857	0.2774791
6.4714286	-1.7567594
6.4785714	0.4009689
6.4857143	0.3479477
6.4928571	1.1234898
6.5000000	0.0000000
6.5071429	-1.1234898
6.5142857	-0.3479477
6.5214286	-0.4009689
6.5285714	1.7567594
6.5357143	-0.2774791
6.5428571	0.5410442
6.5500000	-2.0000000
6.5571429	0.5410442
6.5642857	-0.2774791
6.5714286	1.7567594
6.5785714	-0.4009689
6.5857143	-0.3479477
6.5928571	-1.1234898
6.6000000	-0.0000000
6.6071429	1.1234898
6.6142857	0.3479477
6.6214286	0.4009689
6.6285714	-1.7567594
6.6357143	0.2774791
6.6428571	-0.5410442
6.6500000	2.0000000
6.6571429	-0.5410442
6.6642857	0.2774791
6.6714286	-1.7567594
6.6785714	0.4009689
6.6857143	0.3479477
6.6928571	1.1234898
6.7000000	0.0000000
6.7071429	-1.1234898
6.7142857	-0.3479477
6.7214286	-0.4009689
6.7285714	1.7567594
6.7357143	-0.2774791
6.7428571	0.5410442
6.7500000	-2.0000000
6.7571429	0.5410442
6.7642857	-0.2774791
6.7714286	1.7567594
6.7785714	-0.4009689
6.7857143	-0.3479477
6.7928571	-1.1234898
6.8000000	-0.0000000
6.8071429	1.1234898
6.8142857	0.3479477
6.8214286	0.4009689
6.8285714	-1.7567594
6.8357143	0.2774791
6.8428571	-0.5410442
6.8500000	2.0000000
6.8571429	-0.5410442
6.8642857	0.2774791
6.8714286	-1.7567594
6.8785714	0.4009689
6.8857143	0.3479477
6.8928571	1.1234898
6.9000000	0.0000000
6.9071429	-1.1234898
6.9142857	-0.3479477
6.9214286	-0.4009689
6.9285714	1.7567594
6.9357143	-0.2774791
6.9428571	0.5410442
6.9500000	-2.0000000
6.9571429	0.5410442
6.9642857	-0.2774791
6.9714286	1.7567594
6.9785714	-0.4009689
6.9857143	-0.3479477
6.9928571	-1.1234898
7.0000000	-0.0000000
7.0071429	1.1234898
7.0142857	0.3479477
7.0214286	0.4009689
7.0285714	-1.7567594
7.0357143	0.2774791
7.0428571	-0.5410442
7.0500000	2.0000000
7.0571429	-0.5410442
7.0642857	0.2774791
7.0714286	-1.7567594
7.0785714	0.4009689
7.0857143	0.3479477
7.0928571	1.1234898
7.1000000	0.0000000
7.1071429	-1.1234898
7.1142857	-0.3479477
7.1214286	-0.4009689
7.1285714	1.7567594
7.1357143	-0.2774791
7.1428571	0.5410442
7.1500000	-2.0000000
7.1571429	0.5410442
7.1642857	-0.2774791
7.1714286	1.7567594
7.1785714	-0.4009689
7.1857143	-0.3479477
7.1928571	-1.1234898
7.2000000	-0.0000000
7.2071429	1.1234898
7.2142857	0.3479477
7.2214286	0.4009689
7.2285714	-1.7567594
7.2357143	0.2774791
7.2428571	-0.5410442
7.2500000	2.0000000
7.2571429	-0.5410442
7.2642857	0.2774791
7.2714286	-1.7567594
7.2785714	0.4009689
7.2857143	0.3479477
7.2928571	1.1234898
7.3000000	0.0000000
7.3071429	-1.1234898
7.3142857	-0.3479477
7.3214286	-0.4009689
7.3285714	1.7567594
7.3357143	-0.2774791
7.3428571	0.5410442
7.3500000	-2.0000000
7.3571429	0.5410442
7.3642857	-0.2774791
7.3714286	1.7567594
7.3785714	-0.4009689
7.3857143	-0.3479477
7.3928571	-1.1234898
7.4000000	-0.0000000
7.4071429	1.1234898
7.4142857	0.3479477
7.4214286	0.4009689
7.4285714	-1.7567594
7.4357143	0.2774791
7.4428571	-0.5410442
7.4500000	2.0000000
7.4571429	-0.5410442
7.4642857	0.2774791
7.4714286	-1.7567594
7.4785714	0.4009689
7.4857143	0.3479477
7.4928571	1.1234898
7.5000000	0.0000000
7.5071429	-1.1234898
7.5142857	-0.3479477
7.5214286	-0.4009689
7.5285714	1.7567594
7.5357143	-0.2774791
7.5428571	0.5410442
7.5500000	-2.0000000
7.5571429	0.5410442
7.5642857	-0.2774791
7.5714286	1.7567594
7.5785714	-0.4009689
7.5857143	-0.3479477
7.5928571	-1.1234898
7.6000000	-0.0000000
7.6071429	1.1234898
7.6142857	0.3479477
7.6214286	0.4009689
7.6285714	-1.7567594
7.6357143	0.2774791
7.6428571	-0.5410442
7.6500000	2.0000000
7.6571429	-0.5410442
7.6642857	0.2774791
7.6714286	-1.7567594
7.6785714	0.4009689
7.6857143	0.3479477
7.6928571	1.1234898
7.7000000	0.0000000
7.7071429	-1.1234898
7.7142857	-0.3479477
7.7214286	-0.4009689
7.7285714	1.7567594
7.7357143	-0.2774791
7.7428571	0.5410442
7.7500000	-2.0000000
7.7571429	0.5410442
7.7642857	-0.2774791
7.7714286	1.7567594
7.7785714	-0.4009689
7.7857143	-0.3479477
7.7928571	-1.1234898
7.8000000	-0.0000000
7.8071429	1.1234898
7.8142857	0.3479477
7.8214286	0.4009689
7.8285714	-1.7567594
7.8357143	0.2774791
7.8428571	-0.5410442
7.8500000	2.0000000
7.8571429	-0.5410442
7.8642857	0.2774791
7.8714286	-1.7567594
7.8785714	0.4009689
7.8857143	0.3479477
7.8928571	1.1234898
7.9000000	0.0000000
7.9071429	-1.1234898
7.9142857	-0.3479477
7.9214286	-0.4009689
7.9285714	1.7567594
7.9357143	-0.2774791
7.9428571	0.5410442
7.9500000	-2.0000000
7.9571429	0.5410442
7.9642857	-0.2774791
7.9714286	1.7567594
7.9785714	-0.4009689
7.9857143	-0.3479477
7.9928571	-1.1234898
8.0000000	-0.0000000
8.0071429	1.1234898
8.0142857	0.3479477
8.0214286	0.4009689
8.0285714	-1.7567594
8.0357143	0.2774791
8.0428571	-0.5410442
8.0500000	2.0000000
8.0571429	-0.5410442
8.0642857	0.2774791
8.0714286	-1.7567594
8.0785714	0.4009689
8.0857143	0.3479477
8.0928571	1.1234898
8.1000000	0.0000000
8.1071429	-1.1234898
8.1142857	-0.3479477
8.1214286	-0.4009689
8.1285714	1.7567594
8.1357143	-0.2774791
8.1428571	0.5410442
8.1500000	-2.0000000
8.1571429	0.5410442
8.1642857	-0.2774791
8.1714286	1.7567594
8.1785714	-0.4009689
8.1857143	-0.3479477
8.1928571	-1.1234898
8.2000000	-0.0000000
8.2071429	1.1234898
8.2142857	0.3479477
8.2214286	0.4009689
8.2285714	-1.7567594
8.2357143	0.2774791
8.2428571	-0.5410442
8.2500000	2.0000000
8.2571429	-0.5410442
8.2642857	0.2774791
8.2714286	-1.7567594
8.2785714	0.4009689
8.2857143	0.3479477
8.2928571	1.1234898
8.3000000	-0.0000000
8.3071429	-1.1234898
8.3142857	-0.3479477
8.3214286	-0.4009689
8.3285714	1.7567594
8.3357143	-0.2774791
8.3428571	0.5410442
8.3500000	-2.0000000
8.3571429	0.5410442
8.3642857	-0.2774791
8.3714286	1.7567594
8.3785714	-0.4009689
8.3857143	-0.3479477
8.3928571	-1.1234898
8.4000000	-0.0000000
8.4071429	1.1234898
8.4142857	0.3479477
8.4214286	0.4009689
8.4285714	-1.7567594
8.4357143	0.2774791
8.4428571	-0.5410442
8.4500000	2.0000000
8.4571429	-0.5410442
8.4642857	0.2774791
8.4714286	-1.7567594
8.4785714	0.4009689
8.4857143	0.3479477
8.4928571	1.1234898
8.5000000	0.0000000
8.5071429	-1.1234898
8.5142857	-0.3479477
8.5214286	-0.4009689
8.5285714	1.7567594
8.5357143	-0.2774791
8.5428571	0.5410442
8.5500000	-2.0000000
8.5571429	0.5410442
8.5642857	-0.2774791
8.5714286	1.7567594
8.5785714	-0.4009689
8.5857143	-0.3479477
8.5928571	-1.1234898
8.6000000	-0.0000000
8.6071429	1.1234898
8.6142857	0.3479477
8.6214286	0.4009689
8.6285714	-1.7567594
8.6357143	0.2774791
8.6428571	-0.5410442
8.6500000	2.0000000
8.6571429	-0.5410442
8.6642857	0.2774791
8.6714286	-1.7567594
8.6785714	0.4009689
8.6857143	0.3479477
8.6928571	1.1234898
8.7000000	0.0000000
8.7071429	-1.1234898
8.7142857	-0.3479477
8.7214286	-0.4009689
8.7285714	1.7567594
8.7357143	-0.2774791
8.7428571	0.5410442
8.7500000	-2.0000000
8.7571429	0.5410442
8.7642857	-0.2774791
8.7714286	1.7567594
8.7785714	-0.4009689
8.7857143	-0.3479477
8.7928571	-1.1234898
8.8000000	-0.0000000
8.8071429	1.1234898
8.8142857	0.3479477
8.8214286	0.4009689
8.8285714	-1.7567594
8.8357143	0.2774791
8.8428571	-0.5410442
8.8500000	2.0000000
8.8571429	-0.5410442
8.8642857	0.2774791
8.8714286	-1.7567594
8.8785714	0.4009689
8.8857143	0.3479477
8.8928571	1.1234898
8.9000000	0.0000000
8.9071429	-1.1234898
8.9142857	-0.3479477
8.9214286	-0.4009689
8.9285714	1.7567594
8.9357143	-0.2774791
8.9428571	0.5410442
8.9500000	-2.0000000
8.9571429	0.5410442
8.9642857	-0.2774791
8.9714286	1.7567594
8.9785714	-0.4009689
8.9857143	-0.3479477
8.9928571	-1.1234898
9.0000000	-0.0000000
9.0071429	1.1234898
9.0142857	0.3479477
9.0214286	0.4009689
9.0285714	-1.7567594
9.0357143	0.2774791
9.0428571	-0.5410442
9.0500000	2.0000000
9.0571429	-0.5410442
9.0642857	0.2774791
9.0714286	-1.7567594
9.0785714	0.4009689
9.0857143	0.3479477
9.0928571	1.1234898
9.1000000	0.0000000
9.1071429	-1.1234898
9.1142857	-0.3479477
9.1214286	-0.4009689
9.1285714	1.7567594
9.1357143	-0.2774791
9.1428571	0.5410442
9.1500000	-2.0000000
9.1571429	0.5410442
9.1642857	-0.2774791
9.1714286	1.7567594
9.1785714	-0.4009689
9.1857143	-0.3479477
9.1928571	-1.1234898
9.2000000	-0.0000000
9.2071429	1.1234898
9.2142857	0.3479477
9.2214286	0.4009689
9.2285714	-1.7567594
9.2357143	0.2774791
9.2428571	-0.5410442
9.2500000	2.0000000
9.2571429	-0.5410442
9.2642857	0.2774791
9.2714286	-1.7567594
9.2785714	0.4009689
9.2857143	0.3479477
9.2928571	1.1234898
9.3000000	-0.0000000
9.3071429	-1.1234898
9.3142857	-0.3479477
9.3214286	-0.4009689
9.3285714	1.7567594
9.3357143	-0.2774791
9.3428571	0.5410442
9.3500000	-2.0000000
9.3571429	0.5410442
9.3642857	-0.2774791
9.3714286	1.7567594
9.3785714	-0.4009689
9.3857143	-0.3479477
9.3928571	-1.1234898
9.4000000	-0.0000000
9.4071429	1.1234898
9.4142857	0.3479477
9.4214286	0.4009689
9.4285714	-1.7567594
9.4357143	0.2774791
9.4428571	-0.5410442
9.4500000	2.0000000
9.4571429	-0.5410442
9.4642857	0.2774791
9.4714286	-1.7567594
9.4785714	0.4009689
9.4857143	0.3479477
9.4928571	1.1234898
9.5000000	0.0000000
9.5071429	-1.1234898
9.5142857	-0.3479477
9.5214286	-0.4009689
9.5285714	1.7567594
9.5357143	-0.2774791
9.5428571	0.5410442
9.5500000	-2.0000000
9.5571429	0.5410442
9.5642857	-0.2774791
9.5714286	1.7567594
9.5785714	-0.4009689
9.5857143	-0.3479477
9.5928571	-1.1234898
9.6000000	-0.0000000
9.6071429	1.1234898
9.6142857	0.3479477
9.6214286	0.4009689
9.6285714	-1.7567594
9.6357143	0.2774791
9.6428571	-0.5410442
9.6500000	2.0000000
9.6571429	-0.5410442
9.6642857	0.2774791
9.6714286	-1.7567594
9.6785714	0.4009689
9.6857143	0.3479477
9.6928571	1.1234898
9.7000000	0.0000000
9.7071429	-1.1234898
9.7142857	-0.3479477
9.7214286	-0.4009689
9.7285714	1.7567594
9.7357143	-0.2774791
9.7428571	0.5410442
9.7500000	-2.0000000
9.7571429	0.5410442
9.7642857	-0.2774791
9.7714286	1.7567594
9.7785714	-0.4009689
9.7857143	-0.3479477
9.7928571	-1.1234898
9.8000000	0.0000000
9.8071429	1.1234898
9.8142857	0.3479477
9.8214286	0.4009689
9.8285714	-1.7567594
9.8357143	0.2774791
9.8428571	-0.5410442
9.8500000	2.0000000
9.8571429	-0.5410442
9.8642857	0.2774791
9.8714286	-1.7567594
9.8785714	0.4009689
9.8857143	0.3479477
9.8928571	1.1234898
9.9000000	0.0000000
9.9071429	-1.1234898
9.9142857	-0.3479477
9.9214286	-0.4009689
9.9285714	1.7567594
9.9357143	-0.2774791
9.9428571	0.5410442
9.9500000	-2.0000000
9.9571429	0.5410442
9.9642857	-0.2774791
9.9714286	1.7567594
9.9785714	-0.4009689
9.9857143	-0.3479477
9.9928571	-1.1234898
10.0000000	-0.0000000
10.0071429	1.1234898
10.0142857	0.3479477
10.0214286	0.4009689
10.0285714	-1.7567594
10.0357143	0.2774791
10.0428571	-0.5410442
10.0500000	2.0000000
10.0571429	-0.5410442
10.0642857	0.2774791
10.0714286	-1.7567594
10.0785714	0.4009689
10.0857143	0.3479477
10.0928571	1.1234898
10.1000000	0.0000000
10.1071429	-1.1234898
10.1142857	-0.3479477
10.1214286	-0.4009689
10.1285714	1.7567594
10.1357143	-0.2774791
10.1428571	0.5410442
10.1500000	-2.0000000
10.1571429	0.5410442
10.1642857	-0.2774791
10.1714286	1.7567594
10.1785714	-0.4009689
10.1857143	-0.3479477
10.1928571	-1.1234898
10.2000000	-0.0000000
10.2071429	1.1234898
10.2142857	0.3479477
10.2214286	0.4009689
10.2285714	-1.7567594
10.2357143	0.2774791
10.2428571	-0.5410442
10.2500000	2.0000000
10.2571429	-0.5410442
10.2642857	0.2774791
10.2714286	-1.7567594
10.2785714	0.4009689
10.2857143	0.3479477
10.2928571	1.1234898
10.3000000	-0.0000000
10.3071429	-1.1234898
10.3142857	-0.3479477
10.3214286	-0.4009689
10.3285714	1.7567594
10.3357143	-0.2774791
10.3428571	0.5410442
10.3500000	-2.0000000
10.3571429	0.5410442
10.3642857	-0.2774791
10.3714286	1.7567594
10.3785714	-0.4009689
10.3857143	-0.3479477
10.3928571	-1.1234898
10.4000000	-0.0000000
10.4071429	1.1234898
10.4142857	0.3479477
10.4214286	0.4009689
10.4285714	-1.7567594
10.4357143	0.2774791
10.4428571	-0.5410442
10.4500000	2.0000000
10.4571429	-0.5410442
10.4642857	0.2774791
10.4714286	-1.7567594
10.4785714	0.4009689
10.4857143	0.3479477
10.4928571	1.1234898
10.5000000	0.0000000
10.5071429	-1.1234898
10.5142857	-0.3479477
10.5214286	-0.4009689
10.5285714	1.7567594
10.5357143	-0.2774791
10.5428571	0.5410442
10.5500000	-2.0000000
10.5571429	0.5410442
10.5642857	-0.2774791
10.5714286	1.7567594
10.5785714	-0.4009689
10.5857143	-0.3479477
10.5928571	-1.1234898
10.6000000	-0.0000000
10.6071429	1.1234898
10.6142857	0.3479477
10.6214286	0.4009689
10.6285714	-1.7567594
10.6357143	0.2774791
10.6428571	-0.5410442
10.6500000	2.0000000
10.6571429	-0.5410442
10.6642857	0.2774791
10.6714286	-1.7567594
10.6785714	0.4009689
10.6857143	0.3479477
10.6928571	1.1234898
10.7000000	0.0000000
10.7071429	-1.1234898
10.7142857	-0.3479477
10.7214286	-0.4009689
10.7285714	1.7567594
10.7357143	-0.2774791
10.7428571	0.5410442
10.7500000	-2.0000000
10.7571429	0.5410442
10.7642857	-0.2774791
10.7714286	1.7567594
10.7785714	-0.4009689
10.7857143	-0.3479477
10.7928571	-1.1234898
10.8000000	-0.0000000
10.8071429	1.1234898
10.8142857	0.3479477
10.8214286	0.4009689
10.8285714	-1.7567594
10.8357143	0.2774791
10.8428571	-0.5410442
10.8500000	2.0000000
10.8571429	-0.5410442
10.8642857	0.2774791
10.8714286	-1.7567594
10.8785714	0.4009689
10.8857143	0.3479477
10.8928571	1.1234898
10.9000000	0.0000000
10.9071429	-1.1234898
10.9142857	-0.3479477
10.9214286	-0.4009689
10.9285714	1.7567594
10.9357143	-0.2774791
10.9428571	0.5410442
10.9500000	-2.0000000
10.9571429	0.5410442
10.9642857	-0.2774791
10.9714286	1.7567594
10.9785714	-0.4009689
10.9857143	-0.3479477
10.9928571	-1.1234898
11.0000000	-0.0000000
11.0071429	1.1234898
11.0142857	0.3479477
11.0214286	0.4009689
11.0285714	-1.7567594
11.0357143	0.2774791
11.0428571	-0.5410442
11.0500000	2.0000000
11.0571429	-0.5410442
11.0642857	0.2774791
11.0714286	-1.7567594
11.0785714	0.4009689
11.0857143	0.3479477
11.0928571	1.1234898
11.1000000	0.0000000
11.1071429	-1.1234898
11.1142857	-0.3479477
11.1214286	-0.4009689
11.1285714	1.7567594
11.1357143	-0.2774791
11.1428571	0.5410442
11.1500000	-2.0000000
11.1571429	0.5410442
11.1642857	-0.2774791
11.1714286	1.7567594
11.1785714	-0.4009689
11.1857143	-0.3479477
11.1928571	-1.1234898
11.2000000	-0.0000000
11.2071429	1.1234898
11.2142857	0.3479477
11.2214286	0.4009689
11.2285714	-1.7567594
11.2357143	0.2774791
11.2428571	-0.5410442
11.2500000	2.0000000
11.2571429	-0.5410442
11.2642857	0.2774791
11.2714286	-1.7567594
11.2785714	0.4009689
11.2857143	0.3479477
11.2928571	1.1234898
11.3000000	0.0000000
11.3071429	-1.1234898
11.3142857	-0.3479477
11.3214286	-0.4009689
11.3285714	1.7567594
11.3357143	-0.2774791
11.3428571	0.5410442
11.3500000	-2.0000000
11.3571429	0.5410442
11.3642857	-0.2774791
11.3714286	1.7567594
11.3785714	-0.4009689
11.3857143	-0.3479477
11.3928571	-1.1234898
11.4000000	-0.0000000
11.4071429	1.1234898
11.4142857	0.3479477
11.4214286	0.4009689
11.4285714	-1.7567594
11.4357143	0.2774791
11.4428571	-0.5410442
11.4500000	2.0000000
11.4571429	-0.5410442
11.4642857	0.2774791
11.4714286	-1.7567594
11.4785714	0.4009689
11.4857143	0.3479477
11.4928571	1.1234898
11.5000000	0.0000000
11.5071429	-1.1234898
11.5142857	-0.3479477
11.5214286	-0.4009689
11.5285714	1.7567594
11.5357143	-0.2774791
11.5428571	0.5410442
11.5500000	-2.0000000
11.5571429	0.5410442
11.5642857	-0.2774791
11.5714286	1.7567594
11.5785714	-0.4009689
11.5857143	-0.3479477
11.5928571	-1.1234898
11.6000000	-0.0000000
11.6071429	1.1234898
11.6142857	0.3479477
11.6214286	0.4009689
11.6285714	-1.7567594
11.6357143	0.2774791
11.6428571	-0.5410442
11.6500000	2.0000000
11.6571429	-0.5410442
11.6642857	0.2774791
11.6714286	-1.7567594
11.6785714	0.4009689
11.6857143	0.3479477
11.6928571	1.1234898
11.7000000	0.0000000
11.7071429	-1.1234898
11.7142857	-0.3479477
11.7214286	-0.4009689
11.7285714	1.7567594
11.7357143	-0.2774791
11.7428571	0.5410442
11.7500000	-2.0000000
11.7571429	0.5410442
11.7642857	-0.2774791
11.7714286	1.7567594
11.7785714	-0.4009689
11.7857143	-0.3479477
11.7928571	-1.1234898
11.8000000	-0.0000000
11.8071429	1.1234898
11.8142857	0.3479477
11.8214286	0.4009689
11.8285714	-1.7567594
11.8357143	0.2774791
11.8428571	-0.5410442
11.8500000	2.0000000
11.8571429	-0.5410442
11.8642857	0.2774791
11.8714286	-1.7567594
11.8785714	0.4009689
11.8857143	0.3479477
11.8928571	1.1234898
11.9000000	0.0000000
11.9071429	-1.1234898
11.9142857	-0.3479477
11.9214286	-0.4009689
11.9285714	1.7567594
11.9357143	-0.2774791
11.9428571	0.5410442
11.9500000	-2.0000000
11.9571429	0.5410442
11.9642857	-0.2774791
11.9714286	1.7567594
11.9785714	-0.4009689
11.9857143	-0.3479477
11.9928571	-1.1234898
12.0000000	-0.0000000
12.0071429	1.1234898
12.0142857	0.3479477
12.0214286	0.4009689
12.0285714	-1.7567594
12.0357143	0.2774791
12.0428571	-0.5410442
12.0500000	2.0000000
12.0571429	-0.5410442
12.0642857	0.2774791
12.0714286	-1.7567594
12.0785714	0.4009689
12.0857143	0.3479477
12.0928571	1.1234898
12.1000000	0.0000000
12.1071429	-1.1234898
12.1142857	-0.3479477
12.1214286	-0.4009689
12.1285714	1.7567594
12.1357143	-0.2774791
12.1428571	0.5410442
12.1500000	-2.0000000
12.1571429	0.5410442
12.1642857	-0.2774791
12.1714286	1.7567594
12.1785714	-0.4009689
12.1857143	-0.3479477
12.1928571	-1.1234898
12.2000000	-0.0000000
12.2071429	1.1234898
12.2142857	0.3479477
12.2214286	0.4009689
12.2285714	-1.7567594
12.2357143	0.2774791
12.2428571	-0.5410442
12.2500000	2.0000000
12.2571429	-0.5410442
12.2642857	0.2774791
12.2714286	-1.7567594
12.2785714	0.4009689
12.2857143	0.3479477
12.2928571	1.1234898
12.3000000	0.0000000
12.3071429	-1.1234898
12.3142857	-0.3479477
12.3214286	-0.4009689
12.3285714	1.7567594
12.3357143	-0.2774791
12.3428571	0.5410442
12.3500000	-2.0000000
12.3571429	0.5410442
12.3642857	-0.2774791
12.3714286	1.7567594
12.3785714	-0.4009689
12.3857143	-0.3479477
12.3928571	-1.1234898
12.4000000	-0.0000000
12.4071429	1.1234898
12.4142857	0.3479477
12.4214286	0.4009689
12.4285714	-1.7567594
12.4357143	0.2774791
12.4428571	-0.5410442
12.4500000	2.0000000
12.4571429	-0.5410442
12.4642857	0.2774791
12.4714286	-1.7567594
12.4785714	0.4009689
12.4857143	0.3479477
12.4928571	1.1234898
12.5000000	0.0000000
12.5071429	-1.1234898
12.5142857	-0.3479477
12.5214286	-0.4009689
12.5285714	1.7567594
12.5357143	-0.2774791
12.5428571	0.5410442
12.5500000	-2.0000000
12.5571429	0.5410442
12.5642857	-0.2774791
12.5714286	1.7567594
12.5785714	-0.4009689
12.5857143	-0.3479477
12.5928571	-1.1234898
12.6000000	-0.0000000
12.6071429	1.1234898
12.6142857	0.3479477
12.6214286	0.4009689
12.6285714	-1.7567594
12.6357143	0.2774791
12.6428571	-0.5410442
12.6500000	2.0000000
12.6571429	-0.5410442
12.6642857	0.2774791
12.6714286	-1.7567594
12.6785714	0.4009689
12.6857143	0.3479477
12.6928571	1.1234898
12.7000000	0.0000000
12.7071429	-1.1234898
12.7142857	-0.3479477
12.7214286	-0.4009689
12.7285714	1.7567594
12.7357143	-0.2774791
12.7428571	0.5410442
12.7500000	-2.0000000
12.7571429	0.5410442
12.7642857	-0.2774791
12.7714286	1.7567594
12.7785714	-0.4009689
12.7857143	-0.3479477
12.7928571	-1.1234898
12.8000000	-0.0000000
12.8071429	1.1234898
12.8142857	0.3479477
12.8214286	0.4009689
12.8285714	-1.7567594
12.8357143	0.2774791
12.8428571	-0.5410442
12.8500000	2.0000000
12.8571429	-0.5410442
12.8642857	0.2774791
12.8714286	-1.7567594
12.8785714	0.4009689
12.8857143	0.3479477
12.8928571	1.1234898
12.9000000	0.0000000
12.9071429	-1.1234898
12.9142857	-0.3479477
12.9214286	-0.4009689
12.9285714	1.7567594
12.9357143	-0.2774791
12.9428571	0.5410442
12.9500000	-2.0000000
12.9571429	0.5410442
12.9642857	-0.2774791
12.9714286	1.7567594
12.9785714	-0.4009689
12.9857143	-0.3479477
12.9928571	-1.1234898
13.0000000	-0.0000000
13.0071429	1.1234898
13.0142857	0.3479477
13.0214286	0.4009689
13.0285714	-1.7567594
13.0357143	0.2774791
13.0428571	-0.5410442
13.0500000	2.0000000
13.0571429	-0.5410442
13.0642857	0.2774791
13.0714286	-1.7567594
13.0785714	0.4009689
13.0857143	0.3479477
13.0928571	1.1234898
13.1000000	0.0000000
13.1071429	-1.1234898
13.1142857	-0.3479477
13.1214286	-0.4009689
13.1285714	1.7567594
13.1357143	-0.2774791
13.1428571	0.5410442
13.1500000	-2.0000000
13.1571429	0.5410442
13.1642857	-0.2774791
13.1714286	1.7567594
13.1785714	-0.4009689
13.1857143	-0.3479477
13.1928571	-1.1234898
13.2000000	-0.0000000
13.2071429	1.1234898
13.2142857	0.3479477
13.2214286	0.4009689
13.2285714	-1.7567594
13.2357143	0.2774791
13.2428571	-0.5410442
13.2500000	2.0000000
13.2571429	-0.5410442
13.2642857	0.2774791
13.2714286	-1.7567594
13.2785714	0.4009689
13.2857143	0.3479477
13.2928571	1.1234898
13.3000000	0.0000000
13.3071429	-1.1234898
13.3142857	-0.3479477
13.3214286	-0.4009689
13.3285714	1.7567594
13.3357143	-0.2774791
13.3428571	0.5410442
13.3500000	-2.0000000
13.3571429	0.5410442
13.3642857	-0.2774791
13.3714286	1.7567594
13.3785714	-0.4009689
13.3857143	-0.3479477
13.3928571	-1.1234898
13.4000000	-0.0000000
13.4071429	1.1234898
13.4142857	0.3479477
13.4214286	0.4009689
13.4285714	-1.7567594
13.4357143	0.2774791
13.4428571	-0.5410442
13.4500000	2.0000000
13.4571429	-0.5410442
13.4642857	0.2774791
13.4714286	-1.7567594
13.4785714	0.4009689
13.4857143	0.3479477
13.4928571	1.1234898
13.5000000	0.0000000
13.5071429	-1.1234898
13.5142857	-0.3479477
13.5214286	-0.4009689
13.5285714	1.7567594
13.5357143	-0.2774791
13.5428571	0.5410442
13.5500000	-2.0000000
13.5571429	0.5410442
13.5642857	-0.2774791
13.5714286	1.7567594
13.5785714	-0.4009689
13.5857143	-0.3479477
13.5928571	-1.1234898
13.6000000	-0.0000000
13.6071429	1.1234898
13.6142857	0.3479477
13.6214286	0.4009689
13.6285714	-1.7567594
13.6357143	0.2774791
13.6428571	-0.5410442
13.6500000	2.0000000
13.6571429	-0.5410442
13.6642857	0.2774791
13.6714286	-1.7567594
13.6785714	0.4009689
13.6857143	0.3479477
13.6928571	1.1234898
13.7000000	0.0000000
13.7071429	-1.1234898
13.7142857	-0.3479477
13.7214286	-0.4009689
13.7285714	1.7567594
13.7357143	-0.2774791
13.7428571	0.5410442
13.7500000	-2.0000000
13.7571429	0.5410442
13.7642857	-0.2774791
13.7714286	1.7567594
13.7785714	-0.4009689
13.7857143	-0.3479477
13.7928571	-1.1234898
13.8000000	-0.0000000
13.8071429	1.1234898
13.8142857	0.3479477
13.8214286	0.4009689
13.8285714	-1.7567594
13.8357143	0.2774791
13.8428571	-0.5410442
13.8500000	2.0000000
13.8571429	-0.5410442
13.8642857	0.2774791
13.8714286	-1.7567594
13.8785714	0.4009689
13.8857143	0.3479477
13.8928571	1.1234898
13.9000000	0.0000000
13.9071429	-1.1234898
13.9142857	-0.3479477
13.9214286	-0.4009689
13.9285714	1.7567594
13.9357143	-0.2774791
13.9428571	0.5410442
13.9500000	-2.0000000
13.9571429	0.5410442
13.9642857	-0.2774791
13.9714286	1.7567594
13.9785714	-0.4009689
13.9857143	-0.3479477
13.9928571	-1.1234898
14.0000000	-0.0000000
14.0071429	1.1234898
14.0142857	0.3479477
14.0214286	0.4009689
14.0285714	-1.7567594
14.0357143	0.2774791
14.0428571	-0.5410442
14.0500000	2.0000000
14.0571429	-0.5410442
14.0642857	0.2774791
14.0714286	-1.7567594
14.0785714	0.4009689
14.0857143	0.3479477
14.0928571	1.1234898
14.1000000	0.0000000
14.1071429	-1.1234898
14.1142857	-0.3479477
14.1214286	-0.4009689
14.1285714	1.7567594
14.1357143	-0.2774791
14.1428571	0.5410442
14.1500000	-2.0000000
14.1571429	0.5410442
14.1642857	-0.2774791
14.1714286	1.7567594
14.1785714	-0.4009689
14.1857143	-0.3479477
14.1928571	-1.1234898
14.2000000	-0.0000000
14.2071429	1.1234898
14.2142857	0.3479477
14.2214286	0.4009689
14.2285714	-1.7567594
14.2357143	0.2774791
14.2428571	-0.5410442
14.2500000	2.0000000
14.2571429	-0.5410442
14.2642857	0.2774791
14.2714286	-1.7567594
14.2785714	0.4009689
14.2857143	0.3479477
14.2928571	1.1234898
14.3000000	0.0000000
14.3071429	-1.1234898
14.3142857	-0.3479477
14.3214286	-0.4009689
14.3285714	1.7567594
14.3357143	-0.2774791
14.3428571	0.5410442
14.3500000	-2.0000000
14.3571429	0.5410442
14.3642857	-0.2774791
14.3714286	1.7567594
14.3785714	-0.4009689
14.3857143	-0.3479477
14.3928571	-1.1234898
14.4000000	-0.0000000
14.4071429	1.1234898
14.4142857	0.3479477
14.4214286	0.4009689
14.4285714	-1.7567594
14.4357143	0.2774791
14.4428571	-0.5410442
14.4500000	2.0000000
14.4571429	-0.5410442
14.4642857	0.2774791
14.4714286	-1.7567594
14.4785714	0.4009689
14.4857143	0.3479477
14.4928571	1.1234898
14.5000000	0.0000000
14.5071429	-1.1234898
14.5142857	-0.3479477
14.5214286	-0.4009689
14.5285714	1.7567594
14.5357143	-0.2774791
14.5428571	0.5410442
14.5500000	-2.0000000
