0 -0.41319024
20 -0.48559091
40 -0.54663397
60 -0.59304368
80 -0.62393891
100 -0.64063742
120 -0.64597967
140 -0.64320742
160 -0.63525325
180 -0.62432397
200 -0.61176782
220 -0.598187
240 -0.58376861
260 -0.56850807
280 -0.55238407
300 -0.53548911
320 -0.51810514
340 -0.50071979
360 -0.48398373
380 -0.46861605
400 -0.4552326
420 -0.44415218
440 -0.435243
460 -0.42789227
480 -0.42104859
500 -0.41342249
520 -0.40379868
540 -0.39132801
560 -0.3757102
580 -0.35732893
600 -0.33719902
620 -0.31671744
640 -0.29737894
660 -0.28054165
680 -0.26719825
700 -0.25787666
720 -0.25271321
740 -0.2515679
760 -0.25411266
780 -0.25990014
800 -0.26837739
820 -0.27883228
840 -0.29035219
860 -0.30183157
880 -0.31206503
900 -0.31988653
920 -0.32430288
940 -0.32460129
960 -0.32043953
980 -0.31185891
1000 -0.29924707
1020 -0.28332068
1040 -0.26507565
1060 -0.24566765
1080 -0.22626451
1100 -0.20790412
1120 -0.19133517
1140 -0.17693764
1160 -0.16474133
1180 -0.15452691
1200 -0.14595881
1220 -0.1387241
1240 -0.13259807
1260 -0.12745215
1280 -0.12322004
1300 -0.11983753
1320 -0.11718865
1340 -0.11509016
1360 -0.11329917
1380 -0.11152781
1400 -0.10948901
1420 -0.10693931
1440 -0.10372494
1460 -0.09982326
1480 -0.09537507
1500 -0.09065574
1520 -0.08604102
1540 -0.0819429
1560 -0.07872175
1580 -0.0766024
1600 -0.07566291
1620 -0.07583537
1640 -0.07694088
1660 -0.07876921
1680 -0.08115861
1700 -0.08401303
1720 -0.08727239
1740 -0.09082996
1760 -0.09442363
1780 -0.09757064
1800 -0.09957838
1820 -0.09967678
1840 -0.09726094
1860 -0.09212956
1880 -0.08459599
1900 -0.07546865
1920 -0.06585568
1940 -0.05681339
1960 -0.04900394
1980 -0.0425499
2000 -0.03708076
2020 -0.03193902
2040 -0.02652843
2060 -0.02063646
2080 -0.01454126
2100 -0.0089009
2120 -0.00453313
2140 -0.00209065
2160 -0.00182051
2180 -0.00350013
2200 -0.00656565
2220 -0.01029685
2240 -0.01407112
2260 -0.01748275
2280 -0.02034939
2300 -0.02258965
2320 -0.02410892
2340 -0.02467083
2360 -0.02391061
2380 -0.02142593
2400 -0.01694395
2420 -0.0104459
2440 -0.00228083
2460 0.00685024
2480 0.01600345
2500 0.02418832
2520 0.03056664
2540 0.03470309
2560 0.03669902
2580 0.03718827
2600 0.0371872
2620 0.03787176
2640 0.04022979
2660 0.04481863
2680 0.05168398
2700 0.06045141
2720 0.07051641
2740 0.0813418
2760 0.09265933
2780 0.10453864
2800 0.1173248
2820 0.13148521
2840 0.14742036
2860 0.16535565
2880 0.18531251
2900 0.20713819
2920 0.23060712
2940 0.25550186
2960 0.28162884
2980 0.30878166
3000 0.33670193
3020 0.3649999
3040 0.3931389
3060 0.42048717
3080 0.44643597
3100 0.47050349
3120 0.49245465
3140 0.51233055
3160 0.53040773
3180 0.547072
3200 0.56270169
3220 0.57754148
3240 0.59166141
3260 0.60495938
3280 0.61723391
3300 0.62825351
3320 0.63783422
3340 0.64585145
3360 0.65225428
3380 0.6570674
3400 0.66038923
3420 0.66238869
3440 0.66335554
3460 0.66372161
3480 0.66402653
3500 0.6648782
3520 0.66689436
3540 0.67058562
3560 0.67624182
3580 0.68389406
3600 0.69330495
3620 0.70399516
3640 0.7153338
3660 0.7266765
3680 0.73746654
3700 0.7473052
3720 0.75599662
3740 0.76355134
3760 0.7701258
3780 0.77594912
3800 0.78125902
3820 0.78623646
3840 0.79094615
3860 0.7953209
3880 0.79918418
3900 0.80228236
3920 0.80433119
3940 0.80506447
3960 0.8042533
3980 0.80168802
4000 0.79714612
4020 0.79035426
4040 0.78097524
4060 0.76864594
4080 0.75305543
4100 0.7340512
4120 0.71175955
4140 0.68666689
4160 0.65960935
4180 0.63170493
4200 0.604228
4220 0.57843083
4240 0.55536812
4260 0.53581666
4280 0.52023469
4300 0.50875907
4320 0.50125503
4340 0.49738947
4360 0.49664212
4380 0.4983348
4400 0.50169609
4420 0.5059326
4440 0.51030736
4460 0.51425447
4480 0.51743864
4500 0.51972895
4520 0.5211183
4540 0.52158638
4560 0.52093898
4580 0.51870716
4600 0.51415926
4620 0.50640841
4640 0.49464351
4660 0.47841494
4680 0.45789426
4700 0.4340101
4720 0.40844924
4740 0.38345613
4760 0.36149864
4780 0.34488256
4800 0.33544351
4820 0.3343315
4840 0.34198389
4860 0.35824264
4880 0.3825295
4900 0.41396936
4920 0.45149166
4940 0.49383923
4960 0.53951715
4980 0.58678973
5000 0.6337884
5020 0.67865835
5040 0.7197421
5060 0.75577327
5080 0.78596011
5100 0.80994652
5120 0.82771495
5140 0.83949007
5160 0.84564736
5180 0.84670818
5200 0.84337409
5220 0.83655341
5240 0.82730332
5260 0.81670653
5280 0.80566062
5300 0.7946869
5320 0.78382128
5340 0.77265693
5360 0.76051267
5380 0.74671953
5400 0.7308917
5420 0.71309889
5440 0.69388892
5460 0.67418467
5480 0.65505731
5500 0.63748542
5520 0.62217536
5540 0.6094728
5560 0.59934688
5580 0.5914564
5600 0.58525697
5620 0.58009716
5640 0.57530003
5660 0.5702545
5680 0.56450641
5700 0.55781866
5720 0.55022606
5740 0.54205322
5760 0.53384984
5780 0.52624856
5800 0.51980734
5820 0.51484047
5840 0.51130066
5860 0.50877216
5880 0.50657335
5900 0.50392392
5920 0.50014433
5940 0.49481764
5960 0.48786413
5980 0.47952434
6000 0.47026316
6020 0.46064402
6040 0.45122832
6060 0.44251841
6080 0.43495486
6100 0.42895938
6120 0.42497347
6140 0.42346527
6160 0.4249058
6180 0.4296966
6200 0.43808129
6220 0.45006988
6240 0.46536975
6260 0.48334794
6280 0.50306384
6300 0.5233566
6320 0.54298747
6340 0.56085973
6360 0.5762279
6380 0.58883344
6400 0.5988849
6420 0.60686947
6440 0.61322147
6460 0.61799764
6480 0.6206216
6500 0.61989979
6520 0.61432978
6540 0.60256847
6560 0.58388363
6580 0.55855134
6600 0.52792642
6620 0.49414305
6640 0.45964855
6660 0.42672164
6680 0.39697511
6700 0.3711092
6720 0.34897719
6740 0.32979155
6760 0.3123829
6780 0.29553961
6800 0.27823913
6820 0.25968853
6840 0.23926939
6860 0.21642301
6880 0.19047518
6900 0.16052243
6920 0.12553885
6940 0.0846624
6960 0.03763479
6980 -0.01469516
7000 -0.0700078
7020 -0.12457185
7040 -0.17377068
7060 -0.21306778
7080 -0.23923004
7100 -0.25138287
7120 -0.25153366
7140 -0.24429663
7160 -0.23583122
7180 -0.2321946
7200 -0.23766763
7220 -0.25344439
7240 -0.27727677
7260 -0.30407076
7280 -0.32729794
7300 -0.34077051
7320 -0.34034952
7340 -0.32482051
7360 -0.29595614
7380 -0.2578165
7400 -0.21551194
7420 -0.17385193
7440 -0.13648551
7460 -0.10549818
7480 -0.08146372
7500 -0.06389695
7520 -0.05182213
7540 -0.04417383
7560 -0.04005953
7580 -0.03886716
7600 -0.040199
7620 -0.04375663
7640 -0.04925528
7660 -0.05635341
7680 -0.06463075
7700 -0.0736411
7720 -0.08298105
7740 -0.092332
7760 -0.10148534
7780 -0.11031941
7800 -0.11873196
7820 -0.12657444
7840 -0.13367705
7860 -0.139949
7880 -0.14553999
7900 -0.1509907
7920 -0.15733822
7940 -0.16602521
7960 -0.17862375
7980 -0.19643913
8000 -0.22013828
8020 -0.24943778
8040 -0.28303194
8060 -0.31877193
8080 -0.35403152
8100 -0.38610943
8120 -0.41263705
8140 -0.43184276
8160 -0.44265205
8180 -0.4446579
8200 -0.4380607
8220 -0.4235672
8240 -0.40231992
8260 -0.37585742
8280 -0.34606321
8300 -0.31502298
8320 -0.28484706
8340 -0.25745226
8360 -0.23432469
8380 -0.21633551
8400 -0.20371345
8420 -0.19611244
8440 -0.1927707
8460 -0.19274189
8480 -0.19513554
8500 -0.19925938
8520 -0.20470713
8540 -0.21135921
8560 -0.21929689
8580 -0.22865457
8600 -0.23949049
8620 -0.25164038
8640 -0.26463369
8660 -0.27770449
8680 -0.28989549
8700 -0.30020567
8720 -0.30781082
8740 -0.31225131
8760 -0.31352564
8780 -0.31207938
8800 -0.30870642
8820 -0.30435814
8840 -0.29994812
8860 -0.29620161
8880 -0.29357475
8900 -0.29226204
8920 -0.29226124
8940 -0.29345028
8960 -0.29566568
8980 -0.29875716
9000 -0.30257592
9020 -0.30694856
9040 -0.31166142
9060 -0.31645252
9080 -0.32101378
9100 -0.32504898
9120 -0.32833081
9140 -0.33072993
9160 -0.33221774
9180 -0.33286158
9200 -0.33278822
9220 -0.33215767
9240 -0.3311705
9260 -0.33007097
9280 -0.32913567
9300 -0.32862208
9320 -0.32869233
9340 -0.32930418
9360 -0.33017072
9380 -0.33076095
9400 -0.33042263
9420 -0.32853632
9440 -0.32468894
9460 -0.3187478
9480 -0.31089167
9500 -0.30150679
9520 -0.29106764
9540 -0.28003191
9560 -0.26879589
9580 -0.25768133
9600 -0.24700024
9620 -0.23709595
9640 -0.22833044
9660 -0.22108475
9680 -0.2157234
9700 -0.21252086
9720 -0.21164033
9740 -0.21316568
9760 -0.21704841
9780 -0.22307161
9800 -0.23084759
9820 -0.23976551
9840 -0.24893214
9860 -0.25726484
9880 -0.26367321
9900 -0.26725036
9920 -0.26749384
9940 -0.26449617
9960 -0.2589301
9980 -0.25181624
10000 -0.24418642
10020 -0.23676165
10040 -0.22967096
10060 -0.22241152
10080 -0.21405939
10100 -0.20366245
10120 -0.19058012
10140 -0.17479106
10160 -0.15696421
10180 -0.13834927
10200 -0.1204389
10220 -0.10464622
10240 -0.09197395
10260 -0.08281893
10280 -0.07685789
10300 -0.07320562
10320 -0.0706412
10340 -0.0678815
10360 -0.0638788
10380 -0.05811421
10400 -0.05061249
10420 -0.04186873
10440 -0.03273511
10460 -0.02418697
10480 -0.01704735
10500 -0.01190827
10520 -0.00908045
10540 -0.0085407
10560 -0.00999744
10580 -0.01301246
10600 -0.01703811
10620 -0.0214778
10640 -0.02579762
10660 -0.02955815
10680 -0.03239358
10700 -0.03402139
10720 -0.03423929
10740 -0.03284679
10760 -0.02964119
10780 -0.02449248
10800 -0.01740638
10820 -0.00858252
10840 0.00145138
10860 0.0118002
10880 0.0213048
10900 0.0286691
10920 0.03263265
10940 0.03225574
10960 0.02715299
10980 0.01757381
11000 0.00445059
11020 -0.0106743
11040 -0.02589839
11060 -0.03928247
11080 -0.04912446
11100 -0.05426246
11120 -0.05427031
11140 -0.04948861
11160 -0.04090255
11180 -0.02992287
11200 -0.01807849
11220 -0.00672571
11240 0.00317496
11260 0.01116098
11280 0.01718212
11300 0.0214468
11320 0.02425158
11340 0.02581296
11360 0.02616652
11380 0.02526005
11400 0.02306246
11420 0.01964365
11440 0.01525266
11460 0.01035044
11480 0.00551567
11500 0.00134346
11520 -0.00161496
11540 -0.00292974
11560 -0.00237074
11580 2.795E-005
11600 0.00393373
11620 0.00869666
11640 0.01340672
11660 0.01702738
11680 0.01861236
11700 0.01746622
11720 0.01324347
11740 0.00595249
11760 -0.00412594
11780 -0.01659487
11800 -0.03099055
11820 -0.04675914
11840 -0.06317277
11860 -0.07922191
11880 -0.09353306
11900 -0.10444887
11920 -0.11020304
11940 -0.10917252
11960 -0.10016318
11980 -0.08263295
12000 -0.05680456
12020 -0.02370138
12040 0.01495819
12060 0.0569888
12080 0.09993448
12100 0.14129746
12120 0.17883569
12140 0.21076403
12160 0.23583258
12180 0.25349575
12200 0.2640467
12220 0.2685077
12240 0.26844417
12260 0.26582005
12280 0.26269204
12300 0.26075052
12320 0.26116155
12340 0.26461631
12360 0.27134548
12380 0.28117743
12400 0.29385741
12420 0.30908683
12440 0.32635142
12460 0.34483487
12480 0.36347374
12500 0.38086821
12520 0.39546024
12540 0.40587573
12560 0.41120012
12580 0.41109882
12600 0.4059171
12620 0.39654852
12640 0.38418442
12660 0.37006508
12680 0.35527737
12700 0.34062246
12720 0.32662026
12740 0.31356998
12760 0.30161508
12780 0.29081175
12800 0.28115665
12820 0.27257785
12840 0.26493478
12860 0.25805637
12880 0.25180547
12900 0.24615328
12920 0.24123172
12940 0.23734206
12960 0.23489868
12980 0.23430384
13000 0.23581528
13020 0.23944713
13040 0.2449201
13060 0.2516687
13080 0.2589437
13100 0.26594582
13120 0.27196136
13140 0.27647208
13160 0.27925544
13180 0.28040104
13200 0.28028304
13220 0.27947949
13240 0.27866772
13260 0.27845964
13280 0.27926267
13300 0.28115645
13320 0.28385421
13340 0.28674704
13360 0.28905346
13380 0.29001629
13400 0.28913141
13420 0.28627543
13440 0.28169843
13460 0.27590484
13480 0.26943373
13500 0.26256716
13520 0.25515176
13540 0.2465912
13560 0.23595306
13580 0.22224266
13600 0.2047884
13620 0.1835347
13640 0.15914873
13660 0.13300092
13680 0.1068676
13700 0.08249796
13720 0.06121835
13740 0.04372375
13760 0.02998582
13780 0.0195068
13800 0.01166481
13820 0.00604669
13840 0.00257981
13860 0.00157112
13880 0.00345294
13900 0.00851558
13920 0.01664621
13940 0.02726934
13960 0.03936528
13980 0.05166585
14000 0.06285545
14020 0.07185902
14040 0.07804313
14060 0.08139745
14080 0.08263853
14100 0.08324118
14120 0.08521131
14140 0.09070144
14160 0.1015133
14180 0.11862033
14200 0.14180785
14220 0.1696585
14240 0.19988325
14260 0.22986141
14280 0.2571763
14300 0.28006731
14320 0.2976303
14340 0.3097365
14360 0.31681148
14380 0.31962633
14400 0.31910227
14420 0.31620645
14440 0.31187848
14460 0.30691603
14480 0.30185189
14500 0.29686844
14520 0.29170793
14540 0.28575169
14560 0.27827127
14580 0.2686705
14600 0.25666005
14620 0.24241491
14640 0.22651367
14660 0.20968297
14680 0.19255405
14700 0.17549871
14720 0.15849686
14740 0.14118769
14760 0.12308522
14780 0.10378893
14800 0.08314173
14820 0.06136287
14840 0.03906588
14860 0.01715502
14880 -0.00325933
14900 -0.02096082
14920 -0.03476998
14940 -0.04369411
14960 -0.04704008
14980 -0.0446077
15000 -0.03683523
15020 -0.0248423
15040 -0.01032832
15060 0.00461787
15080 0.01787914
15100 0.02770624
15120 0.03308145
15140 0.03391313
15160 0.03108085
15180 0.02626521
15200 0.02161454
15220 0.01926804
15240 0.02091624
15260 0.02741073
15280 0.03854798
15300 0.05306267
15320 0.06891509
15340 0.08372654
15360 0.09538053
15380 0.10256066
15400 0.1051228
15420 0.10412571
15440 0.1015959
15460 0.09995384
15480 0.10136863
15500 0.10720781
15520 0.1177736
15540 0.13229064
15560 0.1492365
15580 0.16682828
15600 0.18346465
15620 0.19799242
15640 0.20984643
15660 0.21898635
15680 0.22568706
15700 0.23035878
15720 0.23345076
15740 0.23535265
15760 0.23634969
15780 0.23667622
15800 0.23654296
15820 0.2361163
15840 0.23554644
15860 0.23502718
15880 0.23475847
15900 0.23490663
15920 0.23559703
15940 0.2368841
15960 0.23862446
15980 0.24047116
16000 0.24190994
16020 0.24229809
16040 0.24088095
16060 0.23698535
16080 0.23015214
16100 0.22024251
16120 0.20753518
16140 0.19287777
16160 0.17761618
16180 0.16344383
16200 0.1521785
16220 0.14546882
16240 0.14442509
16260 0.14943048
16280 0.16009552
16300 0.17537353
16320 0.19382774
16340 0.21397864
16360 0.23455817
16380 0.25469151
16400 0.27392664
16420 0.29213782
16440 0.30938208
16460 0.32580108
16480 0.34152101
16500 0.35664971
16520 0.37131348
16540 0.38569603
16560 0.40003572
16580 0.41462569
16600 0.42974639
16620 0.44561152
16640 0.46231871
16660 0.47982044
16680 0.49791141
16700 0.51627028
16720 0.5344795
16740 0.55206122
16760 0.568541
16780 0.58349833
16800 0.59658289
16820 0.60755205
16840 0.61628565
16860 0.62275347
16880 0.62698462
16900 0.62904402
16920 0.62898409
16940 0.62681735
16960 0.62255084
16980 0.61628036
17000 0.6083112
17020 0.59932368
17040 0.59053274
17060 0.5837124
17080 0.58095869
17100 0.584407
17120 0.59583031
17140 0.61610353
17160 0.64470074
17180 0.67957488
17200 0.71704313
17220 0.75189476
17240 0.77791393
17260 0.78894482
17280 0.77994808
17300 0.7481423
17320 0.69392727
17340 0.62125643
17360 0.53687986
17380 0.44897781
17400 0.36563514
17420 0.29336934
17440 0.23598406
17460 0.19443053
17480 0.16742534
17500 0.1522312
17520 0.14554263
17540 0.14437326
17560 0.14650768
17580 0.15051851
17600 0.15567015
17620 0.16169915
17640 0.16847815
17660 0.17577304
17680 0.18316399
17700 0.19003971
17720 0.19567363
17740 0.19938467
17760 0.20067714
17780 0.19932593
17800 0.19540505
17820 0.18925604
17840 0.18140414
17860 0.17246721
17880 0.16304002
17900 0.15361388
17920 0.14453096
17940 0.13595872
17960 0.12788196
17980 0.12016562
18000 0.11261168
18020 0.10501055
18040 0.09720156
18060 0.08912207
18080 0.08078867
18100 0.07226399
18120 0.06363093
18140 0.054963
18160 0.04632048
18180 0.03780052
18200 0.02959528
18220 0.02200887
18240 0.01544471
18260 0.01032917
18280 0.00698145
18300 0.00550476
18320 0.00574261
18340 0.00729663
18360 0.00963502
18380 0.01225138
18400 0.0147803
18420 0.01706138
18440 0.01912895
18460 0.02113453
18480 0.0232527
18500 0.0256169
18520 0.02825802
18540 0.0310962
18560 0.0339213
18580 0.03634483
18600 0.03777465
18620 0.03747558
18640 0.03466463
18660 0.02872406
18680 0.01947354
18700 0.00737613
18720 -0.00642987
18740 -0.02025437
18760 -0.03217562
18780 -0.04044017
18800 -0.04382281
18820 -0.04182109
18840 -0.03466245
18860 -0.02313337
18880 -0.00834199
18900 0.00852017
18920 0.02633756
18940 0.04410843
18960 0.06089449
18980 0.07575947
19000 0.08773441
19020 0.09582138
19040 0.09907622
19060 0.09673456
19080 0.08833849
19100 0.07381604
19120 0.05353518
19140 0.02830052
19160 -0.00069338
19180 -0.03195756
19200 -0.06382373
19220 -0.09460052
19240 -0.12275723
19260 -0.14711564
19280 -0.16699991
19300 -0.18231393
19320 -0.19353208
19340 -0.20158406
19360 -0.20766028
19380 -0.21299081
19400 -0.21865965
19420 -0.22545551
19440 -0.23379936
19460 -0.24374384
19480 -0.25501839
19500 -0.26708438
19520 -0.27921915
19540 -0.29060403
19560 -0.30040581
19580 -0.30786155
19600 -0.31237463
19620 -0.31358895
19640 -0.31144001
19660 -0.30618228
19680 -0.29837744
19700 -0.28882525
19720 -0.27846037
19740 -0.2682224
19760 -0.25891971
19780 -0.25111217
19800 -0.24505143
19820 -0.24068448
19840 -0.23771479
19860 -0.23570684
19880 -0.23420424
19900 -0.23282802
19920 -0.23132988
19940 -0.22961361
19960 -0.22770473
19980 -0.22570295
20000 -0.22373298
20020 -0.22191506
20040 -0.22033957
20060 -0.21909889
20080 -0.2183244
20100 -0.21821095
20120 -0.21901144
20140 -0.22100294
20160 -0.22436171
20180 -0.22902902
20200 -0.23462253
20220 -0.24043618
20240 -0.24553825
20260 -0.24900275
20280 -0.2501909
20300 -0.24897982
20320 -0.24585225
20340 -0.24183849
20360 -0.23832768
20380 -0.23676321
20400 -0.23832336
20420 -0.24369843
20440 -0.25298404
20460 -0.26565227
20480 -0.28068499
20500 -0.29684021
20520 -0.31292617
20540 -0.3280417
20560 -0.34178741
20580 -0.35430715
20600 -0.36611289
20620 -0.3778528
20640 -0.39006659
20660 -0.40294814
20680 -0.41626672
20700 -0.4295156
20720 -0.44209132
20740 -0.45347673
20760 -0.46341738
20780 -0.47197976
20800 -0.47944133
20820 -0.48618887
20840 -0.49263385
20860 -0.49918273
20880 -0.50623481
20900 -0.51420337
20920 -0.52348629
20940 -0.53439323
20960 -0.54692865
20980 -0.56063082
21000 -0.57456554
21020 -0.58742833
21040 -0.59773814
21060 -0.60422466
21080 -0.60615423
21100 -0.60343062
21120 -0.59656876
21140 -0.58655555
21160 -0.57456443
21180 -0.56169201
21200 -0.54884928
21220 -0.53672088
21240 -0.52578072
21260 -0.51634049
21280 -0.50859959
21300 -0.50263581
21320 -0.49839892
21340 -0.4957225
21360 -0.49439069
21380 -0.49416346
21400 -0.49481055
21420 -0.4961211
21440 -0.49787659
21460 -0.49975885
21480 -0.50137684
21500 -0.5023086
21520 -0.50215137
21540 -0.50059657
21560 -0.49754671
21580 -0.49308034
21600 -0.48740147
21620 -0.48081217
21640 -0.47366109
21660 -0.46626586
21680 -0.4589432
21700 -0.45203938
21720 -0.4458937
21740 -0.44083811
21760 -0.43718304
21780 -0.4351177
21800 -0.43461886
21820 -0.4354725
21840 -0.43722973
21860 -0.43925029
21880 -0.44087821
21900 -0.44159365
21920 -0.44104172
21940 -0.4391595
21960 -0.43616962
21980 -0.43242519
22000 -0.42830201
22020 -0.42416472
22040 -0.42023843
22060 -0.41659202
22080 -0.41320507
22100 -0.40998873
22120 -0.40680036
22140 -0.40351899
22160 -0.40005882
22180 -0.39636572
22200 -0.39242643
22220 -0.38825414
22240 -0.38383809
22260 -0.37912613
22280 -0.37402531
22300 -0.36843184
22320 -0.36227753
22340 -0.35560544
22360 -0.3486167
22380 -0.34165123
22400 -0.33511283
22420 -0.32939343
22440 -0.32477164
22460 -0.32134119
22480 -0.31903866
22500 -0.31772905
22520 -0.31727534
22540 -0.3176146
22560 -0.31880862
22580 -0.32100329
22600 -0.32432179
22620 -0.328779
22640 -0.33421973
22660 -0.34027223
22680 -0.34636845
22700 -0.35186625
22720 -0.3561791
22740 -0.35888032
22760 -0.35981681
22780 -0.35917857
22800 -0.35744288
22820 -0.35526584
22840 -0.35336103
22860 -0.3523286
22880 -0.35250287
22900 -0.35390266
22920 -0.35625567
22940 -0.35907588
22960 -0.36182595
22980 -0.36409309
23000 -0.36569744
23020 -0.36673415
23040 -0.36753929
23060 -0.36856085
23080 -0.37019929
23100 -0.37271329
23120 -0.37618193
23140 -0.38055811
23160 -0.38578609
23180 -0.39188744
23200 -0.39895692
23220 -0.40709706
23240 -0.41626592
23260 -0.42611461
23280 -0.43600265
23300 -0.44510673
23320 -0.45260447
23340 -0.45788435
23360 -0.46074435
23380 -0.46134019
23400 -0.46009421
23420 -0.45750946
23440 -0.45407537
23460 -0.45016556
23480 -0.44607186
23500 -0.44199941
23520 -0.43817992
23540 -0.43481168
23560 -0.43200564
23580 -0.42976024
23600 -0.42800078
23620 -0.42649204
23640 -0.42488772
23660 -0.42283256
23680 -0.41998552
23700 -0.41603222
23720 -0.41080907
23740 -0.40438843
23760 -0.39703498
23780 -0.38919599
23800 -0.38142654
23820 -0.3742267
23840 -0.3678562
23860 -0.36230569
23880 -0.35728618
23900 -0.352306
23920 -0.34681582
23940 -0.34039144
23960 -0.3327992
23980 -0.32402323
24000 -0.31424839
24020 -0.30378884
24040 -0.29298049
24060 -0.28212289
24080 -0.27144603
24100 -0.2610714
24120 -0.2510156
24140 -0.24121966
24160 -0.23157699
24180 -0.22196853
24200 -0.21231037
24220 -0.20257472
24240 -0.19279894
24260 -0.1830867
24280 -0.17356778
24300 -0.16435651
24320 -0.15552894
24340 -0.14710637
24360 -0.13902836
24380 -0.13118585
24400 -0.12346797
24420 -0.11577089
24440 -0.10799373
24460 -0.10006986
24480 -0.09195195
24500 -0.08356715
24520 -0.07484938
24540 -0.06579772
24560 -0.05648672
24580 -0.04708354
24600 -0.03788108
24620 -0.02922661
24640 -0.02141765
24660 -0.01463591
24680 -0.00890148
24700 -0.00403841
24720 0.00026507
24740 0.00437791
24760 0.0086612
24780 0.01341401
24800 0.01883854
24820 0.0250638
24840 0.03215949
24860 0.04015683
24880 0.04907916
24900 0.05895063
24920 0.06976836
24940 0.08148838
24960 0.09399809
24980 0.1070753
25000 0.12041486
25020 0.13369473
25040 0.14666524
25060 0.15925331
25080 0.17169035
25100 0.18449023
25120 0.19838881
25140 0.21421405
25160 0.23272398
25180 0.25436462
25200 0.27920964
25220 0.30691714
25240 0.33677563
25260 0.36779911
25280 0.39895776
25300 0.42928283
25320 0.45797349
25340 0.48442935
25360 0.50825004
25380 0.52913599
25400 0.54686038
25420 0.56125562
25440 0.57226037
25460 0.57999198
25480 0.58483017
25500 0.58743579
25520 0.58871854
25540 0.58974203
25560 0.59156197
25580 0.59507455
25600 0.60090581
25620 0.60935228
25640 0.62034272
25660 0.63348305
25680 0.64812146
25700 0.66342632
25720 0.67844737
25740 0.69224225
25760 0.70398419
25780 0.71305536
25800 0.71913138
25820 0.72226634
25840 0.72290219
25860 0.72181254
25880 0.71999832
25900 0.71843781
25920 0.71781192
25940 0.71818408
25960 0.7187828
25980 0.71794278
26000 0.71350494
26020 0.70330885
26040 0.68588837
26060 0.66108971
26080 0.63042909
26100 0.59672222
26120 0.56355239
26140 0.53445448
26160 0.51211395
26180 0.49782409
26200 0.49163055
26220 0.4925922
26240 0.49930994
26260 0.51046896
26280 0.52516995
26300 0.54281793
26320 0.5630285
26340 0.58529016
26360 0.60862853
26380 0.63150979
26400 0.65206845
26420 0.66830249
26440 0.67854805
26460 0.68196522
26480 0.6787818
26500 0.67020388
26520 0.65823099
26540 0.64517047
26560 0.63310368
26580 0.62346902
26600 0.6168979
26620 0.61321813
26640 0.61169345
26660 0.61132256
26680 0.61114465
26700 0.61045548
26720 0.60891651
26740 0.60653238
26760 0.6035644
26780 0.60041711
26800 0.59750822
26820 0.59515032
26840 0.59348468
26860 0.59248976
26880 0.59199913
26900 0.59176324
26920 0.59154311
26940 0.59119107
26960 0.59066672
26980 0.59005553
27000 0.5895424
27020 0.58936112
27040 0.58974125
27060 0.59088356
27080 0.59290415
27100 0.59581656
27120 0.59954549
27140 0.60395369
27160 0.60888102
27180 0.61424959
27200 0.62014147
27220 0.62677805
27240 0.63446852
27260 0.6435279
27280 0.65410385
27300 0.66603171
27320 0.67886617
27340 0.69198219
27360 0.70469715
27380 0.71651773
27400 0.72732628
27420 0.73735306
27440 0.74702964
27460 0.75683637
27480 0.76699858
27500 0.77731329
27520 0.78719011
27540 0.79582362
27560 0.80236673
27580 0.80622956
27600 0.80720269
27620 0.80541183
27640 0.80119805
27660 0.79500389
27680 0.78720389
27700 0.77807945
27720 0.76788995
27740 0.75693999
27760 0.74562497
27780 0.73447657
27800 0.72410714
27820 0.71508386
27840 0.70782693
27860 0.70252411
27880 0.69905451
27900 0.69701454
27920 0.69582131
27940 0.69481968
27960 0.69340832
27980 0.69116964
28000 0.68788687
28020 0.68352622
28040 0.67819791
28060 0.67203775
28080 0.66506503
28100 0.65710897
28120 0.64765309
28140 0.63569394
28160 0.61977982
28180 0.59813255
28200 0.56883242
28220 0.53024766
28240 0.48151389
28260 0.42277903
28280 0.35531477
28300 0.28146524
28320 0.20427576
28340 0.12698452
28360 0.05265554
28380 -0.01611414
28400 -0.077411
28420 -0.13005453
28440 -0.1735606
28460 -0.20813752
28480 -0.23466283
28500 -0.25458038
28520 -0.26972685
28540 -0.2820702
28560 -0.29339855
28580 -0.30502526
28600 -0.31759821
28620 -0.33105061
28640 -0.34471694
28660 -0.35751998
28680 -0.36817363
28700 -0.37533588
28720 -0.37768672
28740 -0.37393803
28760 -0.3628878
28780 -0.34353341
28800 -0.3152726
28820 -0.27818594
28840 -0.2332686
28860 -0.1824485
28880 -0.1283925
28900 -0.07409472
28920 -0.022253
28940 0.02530402
28960 0.06792159
28980 0.10611681
29000 0.14126204
29020 0.17496886
29040 0.20844728
29060 0.2420523
29080 0.27513216
29100 0.30623663
29120 0.3335628
29140 0.3554651
29160 0.37088672
29180 0.37955397
29200 0.38179922
29220 0.37831726
29240 0.36991536
29260 0.35730734
29280 0.3410532
29300 0.32176079
29320 0.30015761
29340 0.27701147
29360 0.252964
29380 0.22834062
29400 0.20296906
29420 0.17624729
29440 0.14751004
29460 0.11650211
29480 0.08368418
29500 0.05022008
29520 0.01771231
29540 -0.0123387
29560 -0.03908196
29580 -0.06247298
29600 -0.0829528
29620 -0.10094696
29640 -0.1162979
29660 -0.12788823
29680 -0.13380762
29700 -0.13197696
29720 -0.12087357
29740 -0.10015135
29760 -0.07098094
29780 -0.03584215
29800 0.00205029
29820 0.03936237
29840 0.07321095
29860 0.10164199
29880 0.12373391
29900 0.13946459
29920 0.14960189
29940 0.15546103
29960 0.15845382
29980 0.15975353
30000 0.16005382
30020 0.1592793
30040 0.15655355
30060 0.15053681
30080 0.13986744
30100 0.1236061
30120 0.10168159
30140 0.07505328
30160 0.04552096
30180 0.01531186
30200 -0.01339659
30220 -0.03893187
30240 -0.06038821
30260 -0.07767801
30280 -0.09138544
30300 -0.10254626
30320 -0.11242591
30340 -0.12233514
30360 -0.13346687
30380 -0.14678932
30400 -0.16293569
30420 -0.18208042
30440 -0.2038666
30460 -0.22741779
30480 -0.25142169
30500 -0.27431501
30520 -0.29456141
30540 -0.3109202
30560 -0.32268474
30580 -0.32983549
30600 -0.33307513
30620 -0.33370818
30640 -0.33342867
30660 -0.33400777
30680 -0.33698408
30700 -0.34339087
30720 -0.35360103
30740 -0.36730446
30760 -0.38364056
30780 -0.40140355
30800 -0.41929755
30820 -0.43617258
30840 -0.45116986
30860 -0.46376598
30880 -0.47374707
30900 -0.48113543
30920 -0.48609172
30940 -0.48886239
30960 -0.48975721
30980 -0.48914921
31000 -0.48745619
31020 -0.48511281
31040 -0.48250489
31060 -0.4799038
31080 -0.47740931
31100 -0.47495792
31120 -0.47238515
31140 -0.46954136
31160 -0.46640779
31180 -0.46320067
31200 -0.46040412
31220 -0.4587259
31240 -0.45896909
31260 -0.46187371
31280 -0.46794444
31300 -0.47732519
31320 -0.48973091
31340 -0.50445819
31360 -0.52045957
31380 -0.53647387
31400 -0.55115307
31420 -0.56321795
31440 -0.5716386
31460 -0.57577756
31480 -0.57547344
31500 -0.57110781
31520 -0.56356355
31540 -0.55404469
31560 -0.54388101
31580 -0.53435759
31600 -0.5265381
31620 -0.52119412
31640 -0.51885683
31660 -0.51985572
31680 -0.52432835
31700 -0.53225868
31720 -0.54342877
31740 -0.55734287
31760 -0.57323865
31780 -0.5901577
31800 -0.60698739
31820 -0.62260993
31840 -0.63604186
31860 -0.64650451
31880 -0.65348706
31900 -0.65685547
31920 -0.65686388
31940 -0.65415143
31960 -0.64970085
31980 -0.64467111
32000 -0.64012738
32020 -0.6367812
32040 -0.63476098
32060 -0.633501
32080 -0.63185091
32100 -0.62834846
32120 -0.6215962
32140 -0.61063792
32160 -0.5952109
32180 -0.57579637
32200 -0.55351256
32220 -0.52985651
32240 -0.50639744
32260 -0.48458088
32280 -0.46565109
32300 -0.45064478
32320 -0.4404727
32340 -0.43602957
32360 -0.43812729
32380 -0.44730176
32400 -0.46358408
32420 -0.48623226
32440 -0.5134973
32460 -0.5426831
32480 -0.57047216
32500 -0.59338698
32520 -0.60838906
32540 -0.61347539
32560 -0.60800175
32580 -0.59268508
32600 -0.56939128
32620 -0.54067625
32640 -0.50923621
32660 -0.47745297
32680 -0.44711808
32700 -0.41929929
32720 -0.39440953
32740 -0.37236824
32760 -0.35279541
32780 -0.33517955
32800 -0.31901467
32820 -0.30384361
32840 -0.28929605
32860 -0.27511405
32880 -0.26118683
32900 -0.24758446
32920 -0.23462926
32940 -0.22289555
32960 -0.21314689
32980 -0.20618951
33000 -0.20269596
33020 -0.20299853
33040 -0.2069664
33060 -0.21395381
33080 -0.22289221
33100 -0.23244509
33120 -0.24120597
33140 -0.24785604
33160 -0.25132612
33180 -0.25083527
33200 -0.24586668
33220 -0.23609583
33240 -0.22133363
33260 -0.20142635
33280 -0.17623051
33300 -0.14565936
33320 -0.10978916
33340 -0.06894623
33360 -0.02379791
33380 0.02461639
33400 0.07495928
33420 0.12577803
33440 0.17569441
33460 0.22358661
33480 0.26874092
33500 0.31091257
33520 0.35025088
33540 0.38718953
33560 0.42231102
33580 0.45618458
33600 0.48922261
33620 0.52162856
33640 0.55334419
33660 0.5840206
33680 0.61304732
33700 0.63962109
33720 0.6628025
33740 0.68165094
33760 0.6953983
33780 0.70359004
33800 0.70619604
33820 0.70369247
33840 0.6970221
33860 0.68744933
33880 0.67638067
33900 0.66514936
33920 0.65479888
33940 0.64595483
33960 0.63880181
33980 0.63312659
34000 0.62842913
34020 0.62408394
34040 0.61946824
34060 0.61404358
34080 0.60741606
34100 0.59939606
34120 0.58998587
34140 0.57938637
34160 0.56799054
34180 0.55634238
34200 0.54498089
34220 0.53436994
34240 0.52480025
34260 0.51635223
34280 0.50888379
34300 0.5021779
34320 0.49596455
34340 0.48995291
34360 0.48374708
34380 0.47680166
34400 0.46831725
34420 0.45732844
34440 0.44285763
34460 0.42425965
34480 0.40150511
34500 0.37537955
34520 0.34745327
34540 0.31989376
34560 0.29502505
34580 0.27487602
34600 0.26082507
34620 0.25342184
34640 0.25236527
34660 0.25671302
34680 0.2651689
34700 0.27636633
34720 0.28906797
34740 0.30230264
34760 0.31537608
34780 0.32783311
34800 0.33939254
34820 0.34992713
34840 0.35944529
34860 0.3681102
34880 0.37623971
34900 0.38428568
34920 0.39275879
34940 0.40213507
34960 0.41274496
34980 0.42470133
35000 0.43787642
35020 0.45192726
35040 0.46637288
35060 0.48070549
35080 0.49449712
35100 0.50748743
35120 0.5196552
35140 0.53122189
35160 0.5425997
35180 0.55430873
35200 0.56685304
35220 0.58057449
35240 0.59557134
35260 0.61166966
35280 0.62839169
35300 0.64499457
35320 0.66056628
35340 0.67408507
35360 0.68449075
35380 0.69089207
35400 0.69274645
35420 0.68997667
35440 0.68309364
35460 0.67320666
35480 0.6617481
35500 0.65016483
35520 0.63964068
35540 0.630813
35560 0.6236552
35580 0.61766944
35600 0.61211294
35620 0.60622253
35640 0.59945635
35660 0.59159693
35680 0.58266232
35700 0.57282812
35720 0.5623557
35740 0.55150655
35760 0.54052054
35780 0.52964108
35800 0.51909878
35820 0.50906591
35840 0.49962784
35860 0.4907737
35880 0.48242385
35900 0.47449657
35920 0.46700641
35940 0.46011043
35960 0.45407603
35980 0.44918734
36000 0.44562647
36020 0.4433478
36040 0.44203681
36060 0.44115506
36080 0.44004009
36100 0.4380339
36120 0.43461052
36140 0.42943701
36160 0.42239452
36180 0.41357413
36200 0.40324407
36220 0.3918035
36240 0.37977204
36260 0.36776161
36280 0.35643601
36300 0.34646804
36320 0.33849385
36340 0.33301226
36360 0.33030477
36380 0.3303649
36400 0.33283902
36420 0.33700649
36440 0.34186952
36460 0.34629748
36480 0.3492196
36500 0.34986895
36520 0.34800614
36540 0.34397245
36560 0.33858096
36580 0.33289234
36600 0.32786233
36620 0.32392878
36640 0.32085074
36660 0.31779546
36680 0.31359229
36700 0.3071368
36720 0.29792111
36740 0.28624926
36760 0.27316487
36780 0.26016884
36800 0.24880917
36820 0.24013769
36840 0.23443762
36860 0.2312173
36880 0.22943754
36900 0.22784724
36920 0.22541257
36940 0.2216075
36960 0.21652432
36980 0.21077091
37000 0.20526794
37020 0.20102591
37040 0.19896823
37060 0.19980581
37080 0.20404302
37100 0.21204328
37120 0.22402451
37140 0.23999823
37160 0.25976392
37180 0.28287956
37200 0.3086455
37220 0.33619914
37240 0.36470626
37260 0.39346517
37280 0.42196674
37300 0.44989608
37320 0.47706049
37340 0.50322043
37360 0.52798035
37380 0.55073449
37400 0.57067174
37420 0.58681782
37440 0.59817143
37460 0.60384493
37480 0.60320355
37500 0.59598797
37520 0.5824178
37540 0.5632045
37560 0.53950686
37580 0.51280762
37600 0.4847378
37620 0.45687229
37640 0.43055619
37660 0.40675366
37680 0.38597002
37700 0.36824137
37720 0.35318132
37740 0.34007305
37760 0.32802653
37780 0.31616446
37800 0.30380029
37820 0.29059581
37840 0.2766542
37860 0.26251926
37880 0.2490692
37900 0.23736209
37920 0.228451
37940 0.22322542
37960 0.22227189
37980 0.22579919
38000 0.23360518
38020 0.24508263
38040 0.25924085
38060 0.27481839
38080 0.2904437
38100 0.30480686
38120 0.31682377
38140 0.32579365
38160 0.33144254
38180 0.33386199
38200 0.33340824
38220 0.33058888
38240 0.32591816
38260 0.31981889
38280 0.31260433
38300 0.30449218
38320 0.2956359
38340 0.28620805
38360 0.27649753
38380 0.26695812
38400 0.25820743
38420 0.25097157
38440 0.24595636
38460 0.24367703
38480 0.24431241
38500 0.24765648
38520 0.25316547
38540 0.26010111
38560 0.26772171
38580 0.27548452
38600 0.28311576
38620 0.29058967
38640 0.29802373
38660 0.30554688
38680 0.31314344
38700 0.3206344
38720 0.32770596
38740 0.33396539
38760 0.33898392
38780 0.34232266
38800 0.34344925
38820 0.34170654
38840 0.33634963
38860 0.3266467
38880 0.31208277
38900 0.29267294
38920 0.26910377
38940 0.24274979
38960 0.21560213
38980 0.190016
39000 0.16823154
39020 0.15205522
39040 0.14256938
39060 0.1398742
39080 0.14301097
39100 0.15025136
39120 0.15937319
39140 0.16808067
39160 0.17448078
39180 0.17744983
39200 0.17665127
39220 0.1724751
39240 0.16578082
39260 0.15755092
39280 0.14858007
39300 0.13936064
39320 0.13000787
39340 0.12029078
39360 0.10973482
39380 0.09776371
39400 0.08381742
39420 0.06753379
39440 0.04892788
39460 0.02850994
39480 0.00725868
39500 -0.0135432
39520 -0.03265257
39540 -0.04923164
39560 -0.06313486
39580 -0.0749676
39600 -0.08590054
39620 -0.09724446
39640 -0.11003745
39660 -0.12472143
39680 -0.14101683
39700 -0.15802945
39720 -0.17455983
39740 -0.18939173
39760 -0.2015325
39780 -0.21041131
39800 -0.21596101
39820 -0.21857453
39840 -0.21904792
39860 -0.21850244
39880 -0.21817525
39900 -0.21919727
39920 -0.22244084
39940 -0.22838562
39960 -0.23704062
39980 -0.24804585
40000 -0.26083088
40020 -0.27473817
40040 -0.28917199
40060 -0.30371359
40080 -0.31813741
40100 -0.33240567
40120 -0.34666924
40140 -0.36119875
40160 -0.37627793
40180 -0.39210828
40200 -0.4087254
40220 -0.42592782
40240 -0.44330155
40260 -0.46036172
40280 -0.47670665
40300 -0.49210646
40320 -0.50657112
40340 -0.52030233
40360 -0.53349832
40380 -0.54616264
40400 -0.55805202
40420 -0.56866679
40440 -0.57737277
40460 -0.58364867
40480 -0.58731842
40500 -0.58859681
40520 -0.58805063
40540 -0.58643841
40560 -0.58448169
40580 -0.58265239
40600 -0.58114216
40620 -0.57993527
40640 -0.57895733
40660 -0.57819142
40680 -0.57774081
40700 -0.57775509
40720 -0.57828885
40740 -0.57913008
40760 -0.57977507
40780 -0.57953591
40800 -0.57772575
40820 -0.57386189
40840 -0.56789223
40860 -0.5602222
40880 -0.55155921
40900 -0.54274473
40920 -0.53458405
40940 -0.52762006
40960 -0.52206511
40980 -0.51789198
41000 -0.51487753
41020 -0.51263789
41040 -0.51075336
41060 -0.50882978
41080 -0.50646225
41100 -0.50326156
41120 -0.49892038
41140 -0.49321111
41160 -0.48597955
41180 -0.47719596
41200 -0.46697417
41220 -0.45554662
41240 -0.4432316
41260 -0.43041276
41280 -0.41745611
41300 -0.4046306
41320 -0.39204251
41340 -0.37963303
41360 -0.36718312
41380 -0.35441233
41400 -0.34108369
41420 -0.32711362
41440 -0.31263378
41460 -0.29802786
41480 -0.28386308
41500 -0.27080515
41520 -0.25952681
41540 -0.25060438
41560 -0.24444475
41580 -0.2412751
41600 -0.24114876
41620 -0.2439532
41640 -0.24947323
41660 -0.25742947
41680 -0.26751663
41700 -0.27943776
41720 -0.29293956
41740 -0.3077949
41760 -0.3237968
41780 -0.3407192
41800 -0.35828223
41820 -0.37612447
41840 -0.39380772
41860 -0.41083984
41880 -0.42675153
41900 -0.44117856
41920 -0.45393932
41940 -0.4650917
41960 -0.47494443
41980 -0.48398346
42000 -0.4927457
42020 -0.50165666
42040 -0.51088647
42060 -0.52025272
42080 -0.5292376
42100 -0.53711727
42120 -0.54319204
42140 -0.54700168
42160 -0.5484982
42180 -0.5480924
42200 -0.5465644
42220 -0.54483509
42240 -0.54374316
42260 -0.54387396
42280 -0.5454928
42300 -0.54857789
42320 -0.55296673
42340 -0.55849993
42360 -0.56509627
42380 -0.57276931
42400 -0.58160178
42420 -0.59165486
42440 -0.60287844
42460 -0.61509337
42480 -0.6279917
42500 -0.64114909
42520 -0.65408345
42540 -0.66632907
42560 -0.67746985
42580 -0.68718205
42600 -0.69526965
42620 -0.70166372
42640 -0.70639816
42660 -0.70958007
42680 -0.71134432
42700 -0.71182626
42720 -0.71114055
42740 -0.7093676
42760 -0.70656673
42780 -0.70278684
42800 -0.69805051
42820 -0.69236581
42840 -0.68574781
42860 -0.6782185
42880 -0.66982148
42900 -0.66064472
42920 -0.65079903
42940 -0.64038037
42960 -0.62944407
42980 -0.61797353
43000 -0.6058687
43020 -0.59297739
43040 -0.57915864
43060 -0.56434981
43080 -0.54864147
43100 -0.53233741
43120 -0.51597629
43140 -0.50028796
43160 -0.48610528
43180 -0.47422843
43200 -0.46524957
43220 -0.45940914
43240 -0.45653028
43260 -0.45604319
43280 -0.45710341
43300 -0.45881692
43320 -0.46044785
43340 -0.46157785
43360 -0.46216913
43380 -0.46252594
43400 -0.46312887
43420 -0.46447659
43440 -0.46693317
43460 -0.47064835
43480 -0.47554859
43500 -0.48142219
43520 -0.48800776
43540 -0.49510804
43560 -0.50264706
43580 -0.51069575
43600 -0.51943589
43620 -0.52909184
43640 -0.53981534
43660 -0.5516068
43680 -0.56423984
43700 -0.57724734
43720 -0.5899765
43740 -0.60171094
43760 -0.61180505
43780 -0.61983344
43800 -0.62567976
43820 -0.62954353
43840 -0.63186197
43860 -0.63317632
43880 -0.63398767
43900 -0.63464337
43920 -0.63529355
43940 -0.6359417
43960 -0.63655081
43980 -0.63712607
44000 -0.63780094
44020 -0.63886137
44040 -0.6406794
44060 -0.6436037
44080 -0.64789751
44100 -0.65366214
44120 -0.66081299
44140 -0.66912525
44160 -0.67832387
44180 -0.68812856
44200 -0.69829829
44220 -0.70864996
44240 -0.7190378
44260 -0.72929209
44280 -0.73920252
44300 -0.74853179
44320 -0.75703552
44340 -0.76450996
44360 -0.77087119
44380 -0.77618642
44400 -0.78065235
44420 -0.78456069
44440 -0.78822332
44460 -0.79187076
44480 -0.7955999
44500 -0.79938123
44520 -0.80309678
44540 -0.80662489
44560 -0.80993638
44580 -0.81311509
44600 -0.81632662
44620 -0.81973254
44640 -0.82335371
44660 -0.82694078
44680 -0.82997126
44700 -0.83167699
44720 -0.83115534
44740 -0.82757085
44760 -0.82036634
44780 -0.80932999
44800 -0.79466102
44820 -0.77696021
44840 -0.75709395
44860 -0.73601297
44880 -0.71466739
44900 -0.69389593
44920 -0.67431164
44940 -0.65627732
44960 -0.63992878
44980 -0.62517093
45000 -0.61171265
45020 -0.59919364
45040 -0.5872926
45060 -0.57581074
45080 -0.5647423
45100 -0.55432307
45120 -0.54495884
45140 -0.53713279
45160 -0.53131364
45180 -0.52787146
45200 -0.52697381
45220 -0.52856498
45240 -0.53238463
45260 -0.53801321
45280 -0.54493728
45300 -0.5526669
45320 -0.56083407
45340 -0.56923251
45360 -0.57780454
45380 -0.58660376
45400 -0.59570522
45420 -0.60509522
45440 -0.61462778
45460 -0.62406138
45480 -0.63309546
45500 -0.6414543
45520 -0.64896274
45540 -0.65558503
45560 -0.66132847
45580 -0.66616658
45600 -0.66990452
45620 -0.67215325
45640 -0.67228972
45660 -0.66962705
45680 -0.66357749
45700 -0.65388703
45720 -0.64066268
45740 -0.62443471
45760 -0.60600334
45780 -0.58625751
45800 -0.56591434
45820 -0.54547067
45840 -0.52514089
45860 -0.50490792
45880 -0.48462483
45900 -0.46419658
45920 -0.44363175
45940 -0.42307333
45960 -0.40282011
45980 -0.38329726
46000 -0.36495563
46020 -0.34820262
46040 -0.3333687
46060 -0.32064532
46080 -0.31005681
46100 -0.30146694
46120 -0.29460222
46140 -0.2890396
46160 -0.28422523
46180 -0.27948939
46200 -0.27409535
46220 -0.2673014
46240 -0.25847986
46260 -0.24723799
46280 -0.23352236
46300 -0.21763811
46320 -0.20019927
46340 -0.18199282
46360 -0.16378709
46380 -0.14615765
46400 -0.12939432
46420 -0.11349634
46440 -0.09824858
46460 -0.08336926
46480 -0.06864265
46500 -0.05400394
46520 -0.03954329
46540 -0.02545796
46560 -0.01196127
46580 0.00079957
46600 0.01280998
46620 0.02418203
46640 0.03512029
46660 0.04587834
46680 0.05670373
46700 0.06776754
46720 0.07914436
46740 0.09080392
46760 0.10259078
46780 0.11423846
46800 0.12542722
46820 0.13583309
46840 0.14517508
46860 0.15328196
46880 0.1601216
46900 0.1657792
46920 0.1704086
46940 0.17419029
46960 0.17727059
46980 0.17971784
47000 0.18150605
47020 0.18254033
47040 0.18265266
47060 0.18161272
47080 0.17914572
47100 0.17496525
47120 0.16876299
47140 0.16026888
47160 0.14931504
47180 0.13589321
47200 0.12017638
47220 0.10258407
47240 0.08374755
47260 0.06445537
47280 0.04559432
47300 0.02810063
47320 0.01285176
47340 0.00062951
47360 -0.00793954
47380 -0.0124679
47400 -0.01287317
47420 -0.00936544
47440 -0.00243653
47460 0.00724324
47480 0.01898701
47500 0.03223159
47520 0.04659525
47540 0.06188964
47560 0.07803236
47580 0.0949394
47600 0.11246023
47620 0.13040492
47640 0.14862766
47660 0.16716078
47680 0.18629137
47700 0.20656249
47720 0.22865296
47740 0.25320109
47760 0.28060811
47780 0.3109244
47800 0.34379456
47820 0.37853684
47840 0.41428277
47860 0.4501527
47880 0.48538797
47900 0.51948814
47920 0.55225548
47940 0.58378365
47960 0.61437506
47980 0.64445265
48000 0.67441996
48020 0.7045252
48040 0.73475018
48060 0.76480945
48080 0.79416889
48100 0.82212598
48120 0.84798225
48140 0.87124655
48160 0.89169787
48180 0.90944818
48200 0.92495189
48220 0.93887888
48240 0.95190902
48260 0.96465508
48280 0.97757401
48300 0.9909211
48320 1.00480522
48340 1.01932681
48360 1.03463823
48380 1.05097667
48400 1.06862884
48420 1.08783536
48440 1.10863267
48460 1.13073298
48480 1.15350227
48500 1.17607802
48520 1.19756687
48540 1.21731068
48560 1.23514026
48580 1.25147741
48600 1.26722597
48620 1.28357916
48640 1.30171093
48660 1.32239412
48680 1.34580893
48700 1.37158397
48720 1.39881255
48740 1.42622095
48760 1.45256993
48780 1.47683773
48800 1.49822689
48820 1.5163546
48840 1.53134507
48860 1.54358879
48880 1.55369646
48900 1.56252304
48920 1.57092613
48940 1.57950671
48960 1.58861852
48980 1.59823934
49000 1.60782825
49020 1.61646662
49040 1.62307879
49060 1.62652629
49080 1.62585889
49100 1.62063705
49120 1.61096928
49140 1.59748602
49160 1.5813697
49180 1.56414855
49200 1.54733435
49220 1.53225979
49240 1.51994803
49260 1.51090722
49280 1.50515189
49300 1.50235388
49320 1.50197282
49340 1.50337978
49360 1.5060683
49380 1.50974523
49400 1.51442224
49420 1.52040144
49440 1.52821613
49460 1.53847465
49480 1.55170637
49500 1.5680593
49520 1.58707363
49540 1.60759173
49560 1.62791612
49580 1.64612367
49600 1.66068928
49620 1.67115343
49640 1.67853597
49660 1.68521208
49680 1.69443966
49700 1.70944067
49720 1.7323809
49740 1.76369736
49760 1.80210634
49780 1.84500056
49800 1.8892592
49820 1.93210307
49840 1.97161379
49860 2.00676614
49880 2.0372682
49900 2.0632068
49920 2.0847241
49940 2.10190749
49960 2.11484229
49980 2.12363003
50000 2.12840609
50020 2.12931313
50040 2.12641045
50060 2.11961827
50080 2.10877755
50100 2.09375916
50120 2.07459899
50140 2.05160828
50160 2.02539734
50180 1.99679316
50200 1.96673513
50220 1.93615145
50240 1.90585336
50260 1.8764552
50280 1.84836482
50300 1.82174551
50320 1.79646525
50340 1.77208288
50360 1.74793731
50380 1.72321732
50400 1.697107
50420 1.66899467
50440 1.63860205
50460 1.60591885
50480 1.57111221
50500 1.53435662
50520 1.4955944
50540 1.45440165
50560 1.41005527
50580 1.36167425
50600 1.30843224
50620 1.24983882
50640 1.18593185
50660 1.11732255
50680 1.04512372
50700 0.97080488
50720 0.89594339
50740 0.82200714
50760 0.75021266
50780 0.68150186
50800 0.61656483
50820 0.55595354
50840 0.50017403
50860 0.44972147
50880 0.40500124
50900 0.36623163
50920 0.3333363
50940 0.30589593
50960 0.28318974
50980 0.26435423
51000 0.2485575
51020 0.23512706
51040 0.22361066
51060 0.21373452
51080 0.20526664
51100 0.19788393
51120 0.19109116
51140 0.18421325
51160 0.1765075
51180 0.16736751
51200 0.15652734
51220 0.14425689
51240 0.1314541
51260 0.11956013
51280 0.1103259
51300 0.1054984
51320 0.10643444
51340 0.11378824
51360 0.12739639
51380 0.14634998
51400 0.16921067
51420 0.19433428
51440 0.22020418
51460 0.2456182
51480 0.26972049
51500 0.2919261
51520 0.31178493
51540 0.32882601
51560 0.34253575
51580 0.35245202
51600 0.35828271
51620 0.36004107
51640 0.35812745
51660 0.35320907
51680 0.34602029
51700 0.3372204
51720 0.32725256
51740 0.31630304
51760 0.30449013
51780 0.29204595
51800 0.2793707
51820 0.26704104
51840 0.25571222
51860 0.24585002
51880 0.23753044
51900 0.23036536
51920 0.22352057
51940 0.21585927
51960 0.20620378
51980 0.19361108
52000 0.17760907
52020 0.15833209
52040 0.1365201
52060 0.11339546
52080 0.09037296
52100 0.0687002
52120 0.04919388
52140 0.03206349
52160 0.01686501
52180 0.00268907
52200 -0.01151821
52220 -0.02673028
52240 -0.04362824
52260 -0.06248809
52280 -0.08326235
52300 -0.10576568
52320 -0.1297554
52340 -0.1550272
52360 -0.18145186
52380 -0.20889366
52400 -0.23713461
52420 -0.2659428
52440 -0.29515186
52460 -0.32479433
52480 -0.35525906
52500 -0.38731283
52520 -0.42189789
52540 -0.45985724
52560 -0.50156154
52580 -0.54660209
52600 -0.59369525
52620 -0.64086316
52640 -0.68575665
52660 -0.72614745
52680 -0.76034732
52700 -0.78745762
52720 -0.80741803
52740 -0.82090693
52760 -0.82904258
52780 -0.83308465
52800 -0.83419475
52820 -0.83325935
52840 -0.83080175
52860 -0.82706297
52880 -0.82215104
52900 -0.81619406
52920 -0.8094639
52940 -0.80243793
52960 -0.79571901
52980 -0.78985955
53000 -0.78518745
53020 -0.78172405
53040 -0.77919086
53060 -0.77715095
53080 -0.77523297
53100 -0.77333328
53120 -0.77169613
53140 -0.77088652
53160 -0.7716442
53180 -0.77467885
53200 -0.78047892
53220 -0.78919844
53240 -0.80062741
53260 -0.81424679
53280 -0.82933523
53300 -0.84509983
53320 -0.86079619
53340 -0.87581376
53360 -0.88972573
53380 -0.90229509
53400 -0.9134304
53420 -0.92311151
53440 -0.93131981
53460 -0.93796096
53480 -0.94282282
53500 -0.94558399
53520 -0.94587842
53540 -0.94336709
53560 -0.93784678
53580 -0.92932669
53600 -0.91807277
53620 -0.90457094
53640 -0.88946794
53660 -0.87345626
53680 -0.85717431
53700 -0.84109869
53720 -0.82551029
53740 -0.81048819
53760 -0.79594792
53780 -0.7816864
53800 -0.76747532
53820 -0.75311485
53840 -0.73846684
53860 -0.72347043
53880 -0.70814543
53900 -0.69253295
53920 -0.67665443
53940 -0.66048772
53960 -0.64395649
53980 -0.62692345
54000 -0.60923996
54020 -0.59078487
54040 -0.57149144
54060 -0.55136084
54080 -0.53049164
54100 -0.50907032
54120 -0.48735999
54140 -0.4656882
54160 -0.44442707
54180 -0.42393033
54200 -0.40448962
54220 -0.38631138
54240 -0.36950067
54260 -0.35407131
54280 -0.34001692
54300 -0.3273732
54320 -0.31624825
54340 -0.306843
54360 -0.29943792
54380 -0.29429709
54400 -0.29155969
54420 -0.29113941
54440 -0.29264665
54460 -0.29536115
54480 -0.29832968
54500 -0.30052179
54520 -0.30103341
54540 -0.29925473
54560 -0.29497327
54580 -0.2883306
54600 -0.27969687
54620 -0.26947701
54640 -0.25796278
54660 -0.24524878
54680 -0.23127425
54700 -0.21593202
54720 -0.19921049
54740 -0.18128475
54760 -0.16255476
54780 -0.14358056
54800 -0.12496659
54820 -0.10724217
54840 -0.09077095
54860 -0.07568522
54880 -0.06190588
54900 -0.04919765
54920 -0.03723349
54940 -0.02566514
54960 -0.01419778
54980 -0.00261577
55000 0.00920415
55020 0.02130242
55040 0.03366281
55060 0.04624366
55080 0.05900461
55100 0.07192874
55120 0.08500816
55140 0.0982179
55160 0.11148923
55180 0.12465898
55200 0.13742849
55220 0.14937562
55240 0.16000485
55260 0.1688302
55280 0.17550786
55300 0.17997282
55320 0.18251571
55340 0.18377367
55360 0.18463777
55380 0.18608447
55400 0.1889804
55420 0.19395155
55440 0.20136197
55460 0.21139734
55480 0.2242352
55500 0.24024909
55520 0.26012486
55540 0.28485323
55560 0.31559245
55580 0.35338474
55600 0.39877157
55620 0.45145924
55640 0.51009246
55660 0.57219605
55680 0.63439806
55700 0.69292682
55720 0.74422581
55740 0.78559159
55760 0.81570229
55780 0.83482319
55800 0.84463332
55820 0.8477974
55840 0.84735795
55860 0.84609152
55880 0.84605006
55900 0.84839324
55920 0.8534256
55940 0.86082004
55960 0.8699387
55980 0.8801189
56000 0.8908181
56020 0.90168556
56040 0.91255581
56060 0.92341185
56080 0.93435278
56100 0.94562077
56120 0.95762442
56140 0.97096124
56160 0.9863812
56180 1.00470359
56200 1.02669538
56220 1.05296005
56240 1.08382801
56260 1.11932209
56280 1.15918296
56300 1.20292753
56320 1.24992843
56340 1.29952794
56360 1.35112173
56380 1.40421452
56400 1.45843224
56420 1.51346374
56440 1.56893389
56460 1.62427105
56480 1.67859063
56500 1.73067733
56520 1.7790993
56540 1.82242767
56560 1.85947009
56580 1.88947807
56600 1.91221544
56620 1.92788837
56640 1.93699013
56660 1.94017458
56680 1.93817742
56700 1.93184262
56720 1.92219612
56740 1.91049026
56760 1.89811615
56780 1.88641072
56800 1.87640253
56820 1.86859998
56840 1.86289226
56860 1.85863738
56880 1.85489173
56900 1.85068267
56920 1.84522448
56940 1.83805232
56960 1.82902461
56980 1.81822695
57000 1.80585775
57020 1.79214455
57040 1.77726821
57060 1.76132868
57080 1.74433915
57100 1.72621307
57120 1.70675989
57140 1.68573098
57160 1.66289276
57180 1.63811542
57200 1.61148498
57220 1.58336848
57240 1.55439762
57260 1.52538671
57280 1.49721712
57300 1.47067698
57320 1.44635082
57340 1.4245733
57360 1.40543235
57380 1.38879411
57400 1.37437956
57420 1.36181442
57440 1.3506647
57460 1.34047556
57480 1.33081848
57500 1.32131628
57520 1.3116868
57540 1.30177757
57560 1.29156962
57580 1.28115906
57600 1.27072407
57620 1.2604632
57640 1.25052815
57660 1.24098419
57680 1.23178807
57700 1.22280084
57720 1.21384
57740 1.20476135
57760 1.19551506
57780 1.18618859
57800 1.17700183
57820 1.16825564
57840 1.16023416
57860 1.15313407
57880 1.14700192
57900 1.1417312
57920 1.13710412
57940 1.13288056
57960 1.12886025
57980 1.12494594
58000 1.12113658
58020 1.11748781
58040 1.11403742
58060 1.1107624
58080 1.10752872
58100 1.10411576
58120 1.10026121
58140 1.09573114
58160 1.09035387
58180 1.0840707
58200 1.07692766
58220 1.06905694
58240 1.06063982
58260 1.05190242
58280 1.04307572
58300 1.03437821
58320 1.02599694
58340 1.01807593
58360 1.01067889
58380 1.00380239
58400 0.99739312
58420 0.99136463
58440 0.98561002
58460 0.98001969
58480 0.97444012
58500 0.9686239
58520 0.96219735
58540 0.9546435
58560 0.94531362
58580 0.93350836
58600 0.91856927
58620 0.89995512
58640 0.87730411
58660 0.85046079
58680 0.81944472
58700 0.78441697
58720 0.74563794
58740 0.70342715
58760 0.65812812
58780 0.61009021
58800 0.55962551
58820 0.50698248
58840 0.45231374
58860 0.39566033
58880 0.33695338
58900 0.27605958
58920 0.21282902
58940 0.14716699
58960 0.0790997
58980 0.00882111
59000 -0.06329263
59020 -0.13669782
59040 -0.21073167
59060 -0.28468172
59080 -0.3578574
59100 -0.42966084
59120 -0.49962819
59140 -0.56745587
59160 -0.63299894
59180 -0.69625806
59200 -0.7573499
59220 -0.81647938
59240 -0.87388543
59260 -0.92978278
59280 -0.98429696
59300 -1.03740329
59320 -1.08888323
59340 -1.13833836
59360 -1.18525414
59380 -1.22909218
59400 -1.26940321
59420 -1.30593352
59440 -1.33867763
59460 -1.36786517
59480 -1.39391753
59500 -1.41737199
59520 -1.43879414
59540 -1.45871498
59560 -1.47761427
59580 -1.49592139
59600 -1.51403749
59620 -1.5323635
59640 -1.55132473
59660 -1.57136081
59680 -1.59289696
59700 -1.61630298
59720 -1.64185171
59740 -1.66966544
59760 -1.6997003
59780 -1.73175857
59800 -1.7655145
59820 -1.80055297
59840 -1.8364368
59860 -1.8727389
59880 -1.90905313
59900 -1.94500002
59920 -1.98022161
59940 -2.01435669
59960 -2.0470492
59980 -2.07796917
60000 -2.10683413
60020 -2.13342704
60040 -2.15761066
60060 -2.17931625
60080 -2.19852674
60100 -2.21525811
60120 -2.22955548
60140 -2.24150489
60160 -2.25125803
60180 -2.2589056
60200 -2.26419432
60220 -2.26606512
60240 -2.26201764
60260 -2.24730392
60280 -2.21485808
60300 -2.15598126
60320 -2.06180513
60340 -1.92552468
60360 -1.74541723
60380 -1.52639991
60400 -1.28009961
