0 -0.783461
20 -0.773631
40 -0.74893613
60 -0.732975
80 -0.71795836
100 -0.70831117
120 -0.70241329
140 -0.70041639
160 -0.70132702
180 -0.70462845
200 -0.70990517
220 -0.71714604
240 -0.72658668
260 -0.73866142
280 -0.75391738
300 -0.77301594
320 -0.79681987
340 -0.82647111
360 -0.86332098
380 -0.90869735
400 -0.96346504
420 -1.02738097
440 -1.09850963
460 -1.17299531
480 -1.24521719
500 -1.3084695
520 -1.35616611
540 -1.38317867
560 -1.3868842
580 -1.36782206
600 -1.32964438
620 -1.27828247
640 -1.22072351
660 -1.16374668
680 -1.11276713
700 -1.07115578
720 -1.04022163
740 -1.01954495
760 -1.00751121
780 -1.00195145
800 -1.00068496
820 -1.00174145
840 -1.00348173
860 -1.0046517
880 -1.00436807
900 -1.00204285
920 -0.99739257
940 -0.99041019
960 -0.98125736
980 -0.97012016
1000 -0.95710679
1020 -0.94215701
1040 -0.92499207
1060 -0.90517219
1080 -0.88224906
1100 -0.85592321
1120 -0.82616644
1140 -0.79331807
1160 -0.75809261
1180 -0.7214612
1200 -0.68446956
1220 -0.64804529
1240 -0.6128266
1260 -0.57906441
1280 -0.54663709
1300 -0.51517966
1320 -0.48429094
1340 -0.45370911
1360 -0.42342337
1380 -0.39372099
1400 -0.36510721
1420 -0.33811558
1440 -0.31316192
1460 -0.29042985
1480 -0.26978468
1500 -0.25080149
1520 -0.2328967
1540 -0.2154286
1560 -0.19783438
1580 -0.17975264
1600 -0.1610538
1620 -0.14179243
1640 -0.12216516
1660 -0.10237181
1680 -0.08249259
1700 -0.06243329
1720 -0.04191953
1740 -0.0205134
1760 0.00225667
1780 0.02678195
1800 0.0533021
1820 0.08185899
1840 0.11229567
1860 0.14435059
1880 0.17775358
1900 0.212307
1920 0.24796305
1940 0.28486403
1960 0.32331921
1980 0.36375281
2000 0.40663365
2020 0.45237681
2040 0.501231
2060 0.55318377
2080 0.60790103
2100 0.6647089
2120 0.72263549
2140 0.7805201
2160 0.83716258
2180 0.8914759
2200 0.9426151
2220 0.99006378
2240 1.03367175
2260 1.07363124
2280 1.11041186
2300 1.14467363
2320 1.17716628
2340 1.20859455
2360 1.23950713
2380 1.27022223
2400 1.3008024
2420 1.33107833
2440 1.36076985
2460 1.38963476
2480 1.41760923
2500 1.44489927
2520 1.47201433
2540 1.49968637
2560 1.52872223
2580 1.55982754
2600 1.59344388
2620 1.62963081
2640 1.66804753
2660 1.70801813
2680 1.748654
2700 1.78902096
2720 1.82831
2740 1.86595813
2760 1.90171576
2780 1.93567386
2800 1.96822851
2820 1.99999829
2840 2.03173607
2860 2.06423462
2880 2.09821968
2900 2.13425729
2920 2.1726775
2940 2.21348067
2960 2.25625686
2980 2.30011936
3000 2.34366108
3020 2.38497892
3040 2.42184945
3060 2.45202052
3080 2.47363676
3100 2.48572692
3120 2.4886121
3140 2.48402579
3160 2.47492316
3180 2.46490469
3200 2.45742101
3220 2.45496486
3240 2.45856502
3260 2.46762562
3280 2.48026387
3300 2.49386977
3320 2.50571679
3340 2.5133522
3360 2.51482864
3380 2.50861383
3400 2.49350021
3420 2.46857569
3440 2.43337516
3460 2.38806795
3480 2.33373555
3500 2.27247628
3520 2.20736007
3540 2.14216884
3560 2.0809631
3580 2.02755508
3600 1.98503076
3620 1.95529464
3640 1.9387875
3660 1.93450542
3680 1.94018952
3700 1.95269214
3720 1.96851625
3740 1.98433401
3760 1.99733695
3780 2.00552295
3800 2.00779047
3820 2.00384454
3840 1.99403303
3860 1.97917209
3880 1.96029076
3900 1.93843375
3920 1.91452678
3940 1.88926523
3960 1.8630032
3980 1.83570969
4000 1.80697724
4020 1.77610841
4040 1.74230317
4060 1.70498402
4080 1.66415882
4100 1.62067313
4120 1.57625833
4140 1.53333436
4160 1.49453995
4180 1.46211153
4200 1.43734764
4220 1.42031911
4240 1.40990964
4260 1.4041997
4280 1.40110639
4300 1.39905674
4320 1.39748849
4340 1.39702976
4360 1.39932402
4380 1.40652034
4400 1.42061099
4420 1.44282872
4440 1.47328645
4460 1.51094475
4480 1.55392635
4500 1.59997642
4520 1.64691966
4540 1.69297269
4560 1.736777
4580 1.77716821
4600 1.81295374
4620 1.84276305
4640 1.86503375
4660 1.87826524
4680 1.88144739
4700 1.87437835
4720 1.85782847
4740 1.83352354
4760 1.80386273
4780 1.77149135
4800 1.73890317
4820 1.7081346
4840 1.68059051
4860 1.65707519
4880 1.63793802
4900 1.62329755
4920 1.61327231
4940 1.6081603
4960 1.60844597
4980 1.61470171
5000 1.6273807
5020 1.64656828
5040 1.67174796
5060 1.70173435
5080 1.73472306
5100 1.76843719
5120 1.80034632
5140 1.8279488
5160 1.84901446
5180 1.8618136
5200 1.86534708
5220 1.85951934
5240 1.8451892
5260 1.82409456
5280 1.79861494
5300 1.771377
5320 1.74481315
5340 1.72076336
5360 1.70020306
5380 1.68317496
5400 1.66893463
5420 1.65622179
5440 1.64360845
5460 1.62983424
5480 1.6140424
5500 1.5958732
5520 1.57544262
5540 1.55321152
5560 1.52981339
5580 1.50589267
5600 1.48200617
5620 1.45859662
5640 1.43603917
5660 1.41470136
5680 1.39498118
5700 1.37729621
5720 1.36201778
5740 1.34935615
5760 1.33925369
5780 1.33135105
5800 1.32503209
5820 1.31954483
5840 1.31420478
5860 1.30862964
5880 1.30288623
5900 1.29751941
5920 1.29345169
5940 1.29173915
5960 1.29323
5980 1.29828608
6000 1.30664915
6020 1.31748894
6040 1.32961113
6060 1.34179591
6080 1.35310996
6100 1.36310384
6120 1.37183334
6140 1.37978167
6160 1.38767083
6180 1.39627127
6200 1.40622729
6220 1.41797967
6240 1.43169347
6260 1.44724565
6280 1.46422298
6300 1.48200483
6320 1.49985507
6340 1.51707347
6360 1.5331408
6380 1.54786129
6400 1.56138881
6420 1.57416892
6440 1.58680813
6460 1.5999092
6480 1.61389344
6500 1.62889614
6520 1.64475466
6540 1.66104893
6560 1.67719687
6580 1.69258671
6600 1.7067184
6620 1.71930715
6640 1.73037708
6660 1.7403048
6680 1.7497998
6700 1.75979748
6720 1.77130275
6740 1.78517685
6760 1.80194388
6780 1.8216679
6800 1.84394649
6820 1.86802522
6840 1.89301739
6860 1.91813535
6880 1.94285925
6900 1.96701671
6920 1.99072799
6940 2.01425905
6960 2.03785497
6980 2.06163633
7000 2.08554099
7020 2.10934952
7040 2.13275413
7060 2.15544417
7080 2.17712973
7100 2.19756249
7120 2.21657287
7140 2.23412318
7160 2.25034188
7180 2.26559345
7200 2.2805061
7220 2.29588312
7240 2.31253055
7260 2.33111398
7280 2.35202694
7300 2.37533043
7320 2.40082806
7340 2.4282551
7360 2.45740998
7380 2.48821945
7400 2.52071474
7420 2.55493388
7440 2.59073265
7460 2.62768369
7480 2.66507916
7500 2.70204787
7520 2.73768927
7540 2.77128494
7560 2.80243403
7580 2.83109654
7600 2.85752422
7620 2.88219853
7640 2.90568262
7660 2.92850263
7680 2.95107798
7700 2.97371363
7720 2.99656938
7740 3.01969379
7760 3.04305574
7780 3.06655611
7800 3.09002166
7820 3.11322172
7840 3.13588304
7860 3.1577292
7880 3.17854384
7900 3.19825647
7920 3.21703675
7940 3.23532978
7960 3.25381504
7980 3.27331747
8000 3.29466949
8020 3.31851462
8040 3.34518859
8060 3.37469744
8080 3.40675055
8100 3.44084789
8120 3.4764584
8140 3.51313751
8160 3.55057983
8180 3.58863136
8200 3.62726035
8220 3.66643783
8240 3.70605543
8260 3.74587416
8280 3.78551533
8300 3.82449111
8320 3.86232232
8340 3.89864878
8360 3.93333002
8380 3.96649802
8400 3.99856504
8420 4.03012942
8440 4.06185425
8460 4.09431856
8480 4.12788239
8500 4.16258703
8520 4.19816464
8540 4.23408869
8560 4.26966994
8580 4.30418705
8600 4.33700609
8620 4.36761534
8640 4.39564292
8660 4.42088093
8680 4.44327452
8700 4.46290931
8720 4.48004219
8740 4.49510863
8760 4.5086521
8780 4.52124751
8800 4.53340733
8820 4.54547391
8840 4.55754916
8860 4.5695037
8880 4.58101174
8900 4.59162781
8920 4.60086153
8940 4.6082414
8960 4.6133596
8980 4.61590915
9000 4.61568667
9020 4.6126052
9040 4.60667815
9060 4.59797087
9080 4.58654243
9100 4.57239104
9120 4.55539357
9140 4.53530891
9160 4.51183091
9180 4.4846541
9200 4.45357092
9220 4.41857246
9240 4.37987012
9260 4.33788206
9280 4.29321302
9300 4.24657705
9320 4.19870864
9340 4.15032796
9360 4.10209075
9380 4.05452132
9400 4.0079848
9420 3.96265926
9440 3.91849352
9460 3.87522929
9480 3.83246735
9500 3.78975443
9520 3.74671074
9540 3.7031635
9560 3.65921915
9580 3.61529066
9600 3.57206299
9620 3.53038697
9640 3.4911503
9660 3.45515922
9680 3.42301234
9700 3.39498431
9720 3.37094858
9740 3.35031456
9760 3.3319996
9780 3.31449718
9800 3.29607408
9820 3.27502454
9840 3.24995474
9860 3.22003738
9880 3.18516034
9900 3.14586087
9920 3.103151
9940 3.05830172
9960 3.0126305
9980 2.96728065
10000 2.92316905
10020 2.88099276
10040 2.84122296
10060 2.80409793
10080 2.76972869
10100 2.73811015
10120 2.70912648
10140 2.68260667
10160 2.65837514
10180 2.6361792
10200 2.61567668
10220 2.59643644
10240 2.577916
10260 2.5594851
10280 2.54054717
10300 2.5206409
10320 2.49952218
10340 2.47722906
10360 2.45406478
10380 2.43051639
10400 2.40714816
10420 2.3844965
10440 2.36298788
10460 2.34292892
10480 2.32450569
10500 2.30781125
10520 2.29287238
10540 2.27966606
10560 2.2680988
10580 2.25801885
10600 2.24922405
10620 2.2414936
10640 2.23462237
10660 2.22847094
10680 2.22298379
10700 2.21819954
10720 2.21421915
10740 2.21116417
10760 2.20912428
10780 2.20811451
10800 2.20804182
10820 2.20872065
10840 2.20992264
10860 2.21142931
10880 2.2130872
10900 2.21484874
10920 2.21676484
10940 2.21892678
10960 2.22141991
10980 2.22428376
11000 2.22750992
11020 2.2310936
11040 2.23512146
11060 2.23984426
11080 2.24572754
11100 2.25339817
11120 2.26348918
11140 2.27645526
11160 2.29237948
11180 2.31079145
11200 2.33067649
11220 2.350662
11240 2.36926265
11260 2.38517237
11280 2.39758021
11300 2.40628088
11320 2.41159336
11340 2.41421647
11360 2.41502665
11380 2.41483675
11400 2.41427576
11420 2.41378751
11440 2.41364039
11460 2.41396361
11480 2.4148045
11500 2.41615716
11520 2.41796374
11540 2.42014292
11560 2.42263486
11580 2.42544613
11600 2.4286855
11620 2.43255992
11640 2.43735165
11660 2.44335125
11680 2.45076332
11700 2.45961948
11720 2.46976229
11740 2.48083664
11760 2.49232534
11780 2.50365109
11800 2.51429345
11820 2.52385069
11840 2.53209333
11860 2.53899816
11880 2.54469932
11900 2.54940402
11920 2.55332121
11940 2.55659853
11960 2.55926208
11980 2.56124431
12000 2.56244497
12020 2.56282903
12040 2.56254274
12060 2.56201185
12080 2.56190052
12100 2.56303534
12120 2.56622907
12140 2.57199944
12160 2.58032113
12180 2.59061424
12200 2.60183585
12220 2.61272
12240 2.62222873
12260 2.62999697
12280 2.6364665
12300 2.64277197
12320 2.65047808
12340 2.66107934
12360 2.67544171
12380 2.69353455
12400 2.71453771
12420 2.73707504
12440 2.7596182
12460 2.78099518
12480 2.80072847
12500 2.8189855
12520 2.83642726
12540 2.85397538
12560 2.87248179
12580 2.8924435
12600 2.91400263
12620 2.93700561
12640 2.96109048
12660 2.98584136
12680 3.01094958
12700 3.03624005
12720 3.06168918
12740 3.08741593
12760 3.1136068
12780 3.1404436
12800 3.16803873
12820 3.19634902
12840 3.22514765
12860 3.25408521
12880 3.28271518
12900 3.3105813
12920 3.33734355
12940 3.36283521
12960 3.38703249
12980 3.41009309
13000 3.43231876
13020 3.45406398
13040 3.47567952
13060 3.49750474
13080 3.51978161
13100 3.54261556
13120 3.56598795
13140 3.5897785
13160 3.61377374
13180 3.63773367
13200 3.66144919
13220 3.68477062
13240 3.70760164
13260 3.72989562
13280 3.75162543
13300 3.77275408
13320 3.79321397
13340 3.81293533
13360 3.83188616
13380 3.8501161
13400 3.86777806
13420 3.88514278
13440 3.90253866
13460 3.92024869
13480 3.93840451
13500 3.95692854
13520 3.97548719
13540 3.99354308
13560 4.01047535
13580 4.02571142
13600 4.03880285
13620 4.04951266
13640 4.0578194
13660 4.06386694
13680 4.06791402
13700 4.070336
13720 4.07156816
13740 4.07208464
13760 4.07239186
13780 4.07299224
13800 4.07429673
13820 4.07661749
13840 4.0801585
13860 4.0850155
13880 4.09121122
13900 4.09876988
13920 4.10772198
13940 4.1180785
13960 4.12976972
13980 4.14256218
14000 4.15595589
14020 4.16913902
14040 4.18102887
14060 4.19041137
14080 4.19611734
14100 4.19722867
14120 4.19325147
14140 4.18417958
14160 4.17041136
14180 4.15261753
14200 4.13155907
14220 4.10790654
14240 4.08214369
14260 4.05461848
14280 4.02560882
14300 3.99542708
14320 3.96453114
14340 3.93355982
14360 3.90321478
14380 3.87416744
14400 3.84694836
14420 3.82183001
14440 3.79879948
14460 3.77769671
14480 3.7583028
14500 3.74042516
14520 3.72398155
14540 3.70899407
14560 3.69544533
14580 3.68320133
14600 3.67196896
14620 3.66128923
14640 3.65060735
14660 3.63943067
14680 3.62744142
14700 3.61455636
14720 3.60092827
14740 3.58689108
14760 3.57285225
14780 3.55918551
14800 3.54616216
14820 3.5339347
14840 3.52255049
14860 3.51198523
14880 3.50218074
14900 3.49308514
14920 3.48461114
14940 3.47659043
14960 3.46876961
14980 3.4608556
15000 3.45254594
15020 3.44372286
15040 3.43460606
15060 3.42577751
15080 3.41804916
15100 3.412244
15120 3.40876388
15140 3.40729543
15160 3.40673521
15180 3.40542713
15200 3.40164712
15220 3.3942777
15240 3.38321324
15260 3.36945871
15280 3.35479384
15300 3.3411411
15320 3.3297735
15340 3.32087761
15360 3.31347719
15380 3.30579088
15400 3.29581787
15420 3.28209183
15440 3.26410955
15460 3.24243105
15480 3.21843434
15500 3.19390563
15520 3.17046076
15540 3.14916745
15560 3.13038504
15580 3.11385952
15600 3.09893929
15620 3.08491331
15640 3.07127059
15660 3.05785122
15680 3.04481501
15700 3.03253784
15720 3.02143492
15740 3.01179282
15760 3.0036427
15780 2.99674653
15800 2.9906373
15820 2.98473428
15840 2.9785016
15860 2.9716143
15880 2.96407597
15900 2.95626425
15920 2.94887097
15940 2.94273881
15960 2.93864613
15980 2.93708448
16000 2.93810502
16020 2.94126885
16040 2.94573099
16060 2.95039869
16080 2.95413254
16100 2.95593464
16120 2.95508668
16140 2.95119581
16160 2.94419267
16180 2.93430029
16200 2.92196012
16220 2.90776517
16240 2.89241976
16260 2.87670178
16280 2.86140895
16300 2.84734799
16320 2.83529037
16340 2.82590677
16360 2.81968748
16380 2.81688278
16400 2.81742309
16420 2.82090676
16440 2.82664301
16460 2.83376393
16480 2.84136761
16500 2.84867169
16520 2.85512506
16540 2.86046761
16560 2.86470466
16580 2.86800279
16600 2.87058963
16620 2.87265577
16640 2.87426669
16660 2.8753307
16680 2.87566693
16700 2.87506878
16720 2.8733865
16740 2.87065164
16760 2.86718041
16780 2.86357184
16800 2.86066549
16820 2.85943974
16840 2.86081037
16860 2.86540356
16880 2.87339801
16900 2.88445021
16920 2.89772356
16940 2.91204695
16960 2.92615821
16980 2.93895703
17000 2.94969815
17020 2.9580805
17040 2.96424055
17060 2.9686317
17080 2.9718371
17100 2.97437347
17120 2.97656874
17140 2.97848556
17160 2.97995139
17180 2.9806572
17200 2.98031271
17220 2.978745
17240 2.97595336
17260 2.97204985
17280 2.96715287
17300 2.96122481
17320 2.95399728
17340 2.9449864
17360 2.93369786
17380 2.91983763
17400 2.9035533
17420 2.88551056
17440 2.86682247
17460 2.84866784
17480 2.83198909
17500 2.81719559
17520 2.80407721
17540 2.7918862
17560 2.77976976
17580 2.76704811
17600 2.75344082
17620 2.7391282
17640 2.72467997
17660 2.71074213
17680 2.69785994
17700 2.6863723
17720 2.67638877
17740 2.66783367
17760 2.66058005
17780 2.6545224
17800 2.64960267
17820 2.64579789
17840 2.64310007
17860 2.64148609
17880 2.64090943
17900 2.64130552
17920 2.64262399
17940 2.64483083
17960 2.64790703
17980 2.65182163
18000 2.65650762
18020 2.66182816
18040 2.66758806
18060 2.67354896
18080 2.67948177
18100 2.68521978
18120 2.69069884
18140 2.69595735
18160 2.70112563
18180 2.70636696
18200 2.71180423
18220 2.71747215
18240 2.72329713
18260 2.72909683
18280 2.73463381
18300 2.73968936
18320 2.74410258
18340 2.74779308
18360 2.75077175
18380 2.7531189
18400 2.75495094
18420 2.75642924
18440 2.75777581
18460 2.75926351
18480 2.76118484
18500 2.76382075
18520 2.76736868
18540 2.7718617
18560 2.77714574
18580 2.78291986
18600 2.78878043
18620 2.79429527
18640 2.79910919
18660 2.80300177
18680 2.80587584
18700 2.80775135
18720 2.80874208
18740 2.80897838
18760 2.80854893
18780 2.8075396
18800 2.80605171
18820 2.8042148
18840 2.80225351
18860 2.80053832
18880 2.79945384
18900 2.79928177
18920 2.80012645
18940 2.80179984
18960 2.80372641
18980 2.80508483
19000 2.8049664
19020 2.80246819
19040 2.7968227
19060 2.78754979
19080 2.77444981
19100 2.7575663
19120 2.73720398
19140 2.71390701
19160 2.68834746
19180 2.66122754
19200 2.6332017
19220 2.60477972
19240 2.57627481
19260 2.54787635
19280 2.51978841
19300 2.49233873
19320 2.46605192
19340 2.44165151
19360 2.41992786
19380 2.40152645
19400 2.38677987
19420 2.37561134
19440 2.36753389
19460 2.36177697
19480 2.35748831
19500 2.35390262
19520 2.35044168
19540 2.34673414
19560 2.34255121
19580 2.33769849
19600 2.33194262
19620 2.32500959
19640 2.31664221
19660 2.30669679
19680 2.29524482
19700 2.28262409
19720 2.26941013
19740 2.25632735
19760 2.24412725
19780 2.23347158
19800 2.22484695
19820 2.21852336
19840 2.21456169
19860 2.21285556
19880 2.21317579
19900 2.21522437
19920 2.2186962
19940 2.22331869
19960 2.22886976
19980 2.23518612
20000 2.24215603
20020 2.24970258
20040 2.25778644
20060 2.2664344
20080 2.27577711
20100 2.28606398
20120 2.29764234
20140 2.31088757
20160 2.32607681
20180 2.34326241
20200 2.36220829
20220 2.38239639
20240 2.4031105
20260 2.42359035
20280 2.44317067
20300 2.46134256
20320 2.47774901
20340 2.49210488
20360 2.50408453
20380 2.51326049
20400 2.51914034
20420 2.52126903
20440 2.51940282
20460 2.5136755
20480 2.50468541
20500 2.49346533
20520 2.4813683
20540 2.46985831
20560 2.46028424
20580 2.45368721
20600 2.45067458
20620 2.451355
20640 2.4553722
20660 2.46200219
20680 2.47030124
20700 2.47927918
20720 2.48807411
20740 2.49607598
20760 2.50298761
20780 2.50879918
20800 2.51369705
20820 2.51793008
20840 2.52166522
20860 2.52487206
20880 2.52728033
20900 2.52840022
20920 2.52761606
20940 2.52435073
20960 2.51824928
20980 2.50932818
21000 2.49806968
21020 2.48541215
21040 2.47261846
21060 2.46106219
21080 2.45198383
21100 2.44627138
21120 2.44432735
21140 2.4460609
21160 2.45099018
21180 2.45842474
21200 2.46765509
21220 2.47810157
21240 2.48937642
21260 2.50126568
21280 2.51363726
21300 2.52635521
21320 2.53923632
21340 2.55207796
21360 2.56474337
21380 2.57729723
21400 2.59009962
21420 2.6038037
21440 2.6192328
21460 2.63715582
21480 2.6579777
21500 2.68146768
21520 2.70663306
21540 2.73179071
21560 2.75482246
21580 2.77360578
21600 2.78647853
21620 2.79257088
21640 2.79195008
21660 2.78557418
21680 2.77504099
21700 2.76223089
21720 2.74901494
21740 2.73702067
21760 2.72747507
21780 2.72115603
21800 2.71843089
21820 2.71928206
21840 2.72338765
21860 2.73024286
21880 2.73927867
21900 2.74996788
21920 2.76192209
21940 2.77492114
21960 2.78887194
21980 2.80375316
22000 2.8195376
22020 2.83614632
22040 2.85344679
22060 2.87130553
22080 2.88961855
22100 2.90833588
22120 2.9274206
22140 2.94676377
22160 2.96607611
22180 2.9848627
22200 3.0024982
22220 3.01843685
22240 3.03249989
22260 3.04514316
22280 3.05756321
22300 3.07156356
22320 3.08917611
22340 3.11213811
22360 3.14138997
22380 3.17675449
22400 3.21692751
22420 3.25976928
22440 3.30277782
22460 3.3435774
22480 3.38028461
22500 3.41161707
22520 3.43677786
22540 3.45523169
22560 3.46650508
22580 3.47009835
22600 3.46560821
22620 3.4529787
22640 3.43277046
22660 3.40632286
22680 3.37575445
22700 3.34373056
22720 3.31310491
22740 3.28651748
22760 3.26607733
22780 3.25317514
22800 3.24848666
22820 3.25209407
22840 3.26368712
22860 3.28273997
22880 3.30862464
22900 3.34062777
22920 3.37790993
22940 3.41943144
22960 3.46391568
22980 3.50989239
23000 3.55581325
23020 3.60020676
23040 3.64183678
23060 3.67982219
23080 3.71367148
23100 3.74325871
23120 3.76876101
23140 3.79058452
23160 3.80929301
23180 3.82556733
23200 3.84016984
23220 3.85391604
23240 3.86765427
23260 3.88223885
23280 3.89849328
23300 3.91717671
23320 3.93894011
23340 3.96424726
23360 3.99330393
23380 4.02598703
23400 4.06178136
23420 4.09974887
23440 4.13857455
23460 4.17665265
23480 4.2122343
23500 4.24363112
23520 4.26942661
23540 4.28863971
23560 4.30082675
23580 4.30608791
23600 4.30494228
23620 4.29814989
23640 4.28653533
23660 4.27084177
23680 4.2516461
23700 4.22941217
23720 4.20458903
23740 4.1776894
23760 4.14936705
23780 4.12046703
23800 4.09196053
23820 4.06482526
23840 4.03995683
23860 4.01804875
23880 3.99946647
23900 3.98419704
23920 3.97188156
23940 3.96186068
23960 3.95328776
23980 3.94530527
24000 3.93721436
24020 3.92858449
24040 3.91930485
24060 3.90954176
24080 3.89957497
24100 3.88957846
24120 3.87940024
24140 3.868442
24160 3.85569494
24180 3.83997007
24200 3.82022548
24220 3.79596053
24240 3.76747494
24260 3.73589357
24280 3.70292993
24300 3.67054179
24320 3.64047264
24340 3.61389801
24360 3.59128753
24380 3.5724902
24400 3.55688531
24420 3.54362723
24440 3.53186472
24460 3.52085482
24480 3.50998414
24500 3.49878792
24520 3.48694882
24540 3.47428113
24560 3.46074439
24580 3.44646048
24600 3.43170395
24620 3.41687048
24640 3.4024539
24660 3.3889956
24680 3.37702543
24700 3.36701388
24720 3.35932089
24740 3.35412505
24760 3.35138391
24780 3.35083562
24800 3.35201842
24820 3.35433873
24840 3.35719318
24860 3.3600849
24880 3.36268958
24900 3.36489119
24920 3.36675307
24940 3.36842246
24960 3.37002018
24980 3.37157629
25000 3.37299483
25020 3.3740799
25040 3.37461454
25060 3.37446017
25080 3.37350089
25100 3.37156796
25120 3.36829828
25140 3.36295049
25160 3.3541842
25180 3.34055999
25200 3.32102986
25220 3.29549569
25240 3.26540507
25260 3.23440264
25280 3.20722412
25300 3.18863611
25320 3.18233173
25340 3.18981035
25360 3.20921202
25380 3.23650349
25400 3.26661194
25420 3.29457299
25440 3.3166666
25460 3.33156994
25480 3.33972361
25500 3.34272862
25520 3.34272303
25540 3.34176741
25560 3.34121808
25580 3.34182746
25600 3.34382365
25620 3.3470381
25640 3.35105555
25660 3.35539712
25680 3.3595948
25700 3.36329339
25720 3.3662981
25740 3.36857877
25760 3.37022504
25780 3.37137229
25800 3.3721057
25820 3.37240777
25840 3.37215581
25860 3.37117001
25880 3.36928085
25900 3.36639903
25920 3.36254947
25940 3.35785182
25960 3.35245407
25980 3.34647316
26000 3.33995387
26020 3.33286143
26040 3.32513206
26060 3.31676859
26080 3.30790648
26100 3.29884071
26120 3.29001156
26140 3.28192645
26160 3.27503603
26180 3.26964791
26200 3.26588853
26220 3.26371273
26240 3.26296896
26260 3.26349645
26280 3.26517781
26300 3.26795104
26320 3.27179434
26340 3.27668739
26360 3.28257443
26380 3.28938718
26400 3.2970944
26420 3.30572943
26440 3.31540738
26460 3.3263032
26480 3.33857106
26500 3.35224825
26520 3.36722167
26540 3.38320415
26560 3.39976763
26580 3.41640393
26600 3.43259536
26620 3.4478334
26640 3.46167322
26660 3.47375758
26680 3.48386367
26700 3.49195853
26720 3.49826866
26740 3.50326855
26760 3.50764502
26780 3.51217578
26800 3.5175507
26820 3.5241817
26840 3.53210016
26860 3.54091619
26880 3.54991715
26900 3.55826076
26920 3.5651978
26940 3.57021097
26960 3.57308802
26980 3.57385777
27000 3.57266934
27020 3.56967865
27040 3.56502471
27060 3.55883893
27080 3.55133574
27100 3.54287294
27120 3.53391274
27140 3.52491595
27160 3.5162799
27180 3.50824277
27200 3.50087945
27220 3.49425229
27240 3.48857357
27260 3.48423429
27280 3.48183656
27300 3.48209649
27320 3.48559565
27340 3.49253618
27360 3.50265855
27380 3.51518616
27400 3.52892909
27420 3.54251997
27440 3.55469242
27460 3.56444275
27480 3.57116447
27500 3.57465626
27520 3.57504127
27540 3.57262034
27560 3.56777762
27580 3.56088173
27600 3.55222762
27620 3.54199274
27640 3.53023365
27660 3.51691021
27680 3.50195271
27700 3.48535077
27720 3.4672953
27740 3.44830378
27760 3.42921139
27780 3.41108079
27800 3.39506467
27820 3.3821721
27840 3.37302253
27860 3.36778256
27880 3.36617719
27900 3.36754789
27920 3.37100342
27940 3.37561267
27960 3.38046311
27980 3.38472084
28000 3.38766984
28020 3.38872733
28040 3.38744894
28060 3.38360378
28080 3.37718197
28100 3.36838347
28120 3.35754689
28140 3.34505619
28160 3.33125051
28180 3.31637989
28200 3.30064033
28220 3.28433214
28240 3.26794708
28260 3.25211035
28280 3.23757796
28300 3.22512333
28320 3.21523333
28340 3.20800778
28360 3.20332617
28380 3.20084815
28400 3.20001502
28420 3.20028671
28440 3.20119179
28460 3.20215201
28480 3.2025122
28500 3.20174821
28520 3.19948049
28540 3.19554186
28560 3.1901226
28580 3.18375864
28600 3.17710208
28620 3.1707905
28640 3.16534236
28660 3.16107106
28680 3.15807836
28700 3.15636099
28720 3.15587383
28740 3.15657051
28760 3.15840196
28780 3.16127878
28800 3.16500237
28820 3.16923831
28840 3.17349767
28860 3.17717493
28880 3.17963404
28900 3.18032919
28920 3.17889322
28940 3.17522541
28960 3.16951344
28980 3.16217743
29000 3.15375857
29020 3.14481085
29040 3.13578649
29060 3.12698033
29080 3.11855879
29100 3.11062441
29120 3.10327976
29140 3.09669063
29160 3.09108991
29180 3.08670618
29200 3.08369142
29220 3.08207514
29240 3.08172784
29260 3.08236994
29280 3.08364804
29300 3.08520059
29320 3.08668107
29340 3.08779121
29360 3.08833799
29380 3.08822518
29400 3.08745616
29420 3.08618574
29440 3.0847118
29460 3.08336183
29480 3.08246876
29500 3.08231864
29520 3.08303483
29540 3.08457309
29560 3.08683369
29580 3.08963642
29600 3.092743
29620 3.09593765
29640 3.09899165
29660 3.10158044
29680 3.10335723
29700 3.10399158
29720 3.1032131
29740 3.10092354
29760 3.09727165
29780 3.09262141
29800 3.08752663
29820 3.08263218
29840 3.07854779
29860 3.07577686
29880 3.07466907
29900 3.07536569
29920 3.07781229
29940 3.08179816
29960 3.08699579
29980 3.09302464
30000 3.09954591
30020 3.10634552
30040 3.11339502
30060 3.12087114
30080 3.12913706
30100 3.13867393
30120 3.14998005
30140 3.16345243
30160 3.17929208
30180 3.19747091
30200 3.21776463
30220 3.23985385
30240 3.2634832
30260 3.2886104
30280 3.31548716
30300 3.34467574
30320 3.37695414
30340 3.41316458
30360 3.45412033
30380 3.50051458
30400 3.55282802
30420 3.61134244
30440 3.67613457
30460 3.74689436
30480 3.82279355
30500 3.90243301
30520 3.98375265
30540 4.06406504
30560 4.14037148
30580 4.20969447
30600 4.26937497
30620 4.31738404
30640 4.35253227
30660 4.37446695
30680 4.38359466
30700 4.38094219
30720 4.36798101
30740 4.34644393
30760 4.31814919
30780 4.28485082
30800 4.24814795
30820 4.20939097
30840 4.16960047
30860 4.12947644
30880 4.08941321
30900 4.04950383
30920 4.00960034
30940 3.96944171
30960 3.92871973
30980 3.88716019
31000 3.84460619
31020 3.80106068
31040 3.7566221
31060 3.71147185
31080 3.66583797
31100 3.61994414
31120 3.57394758
31140 3.52798227
31160 3.48213688
31180 3.43647531
31200 3.39109082
31220 3.34622902
31240 3.30230759
31260 3.25995413
31280 3.21995035
31300 3.18310866
31320 3.15000312
31340 3.12078857
31360 3.095098
31380 3.07205939
31400 3.05041523
31420 3.02885068
31440 3.0062764
31460 2.98198331
31480 2.95572148
31500 2.9276725
31520 2.8982652
31540 2.86802115
31560 2.8375119
31580 2.80731622
31600 2.77805693
31620 2.75043567
31640 2.72517583
31660 2.70285531
31680 2.6837876
31700 2.66784217
31720 2.65435161
31740 2.64216211
31760 2.62983097
31780 2.61572151
31800 2.59811535
31820 2.57526647
31840 2.54542586
31860 2.50676864
31880 2.45763364
31900 2.39696885
31920 2.32497363
31940 2.24351207
31960 2.15647519
31980 2.06948706
32000 1.98903565
32020 1.92101435
32040 1.86966175
32060 1.83650986
32080 1.82005877
32100 1.81607368
32120 1.81859807
32140 1.82060975
32160 1.81506193
32180 1.79569636
32200 1.75790173
32220 1.69949158
32240 1.62180228
32260 1.52998254
32280 1.43281546
32300 1.34148588
32320 1.26735175
32340 1.2192081
32360 1.20139449
32380 1.21258015
32400 1.24606015
32420 1.29167519
32440 1.33846256
32460 1.3768282
32480 1.40044077
32500 1.40707126
32520 1.39805847
32540 1.37710325
32560 1.34914464
32580 1.3190586
32600 1.2906383
32620 1.26628129
32640 1.24705251
32660 1.23282999
32680 1.22274507
32700 1.2157675
32720 1.21107452
32740 1.20830692
32760 1.2077226
32780 1.21007261
32800 1.21622058
32820 1.22672318
32840 1.24131836
32860 1.25848511
32880 1.27532901
32900 1.28774128
32920 1.29070586
32940 1.27891006
32960 1.24727579
32980 1.1911376
33000 1.1063068
33020 0.98921715
33040 0.8369337
33060 0.64779922
33080 0.42273327
33100 0.16659406
33120 -0.11090516
33140 -0.39481832
33160 -0.66633138
33180 -0.90557414
33200 -1.09506006
33220 -1.22290327
33240 -1.28518427
33260 -1.2861986
33280 -1.23687688
33300 -1.15196916
33320 -1.04682615
33340 -0.93459314
33360 -0.82465178
33380 -0.722216
33400 -0.6289512
33420 -0.54413367
33440 -0.46580002
33460 -0.39160907
33480 -0.31944737
33500 -0.24767946
33520 -0.17521562
33540 -0.10161166
33560 -0.02712733
33580 0.04733777
33600 0.12036864
33620 0.19026639
33640 0.25541703
33660 0.31461187
33680 0.36722468
33700 0.41325869
33720 0.45323511
33740 0.48795089
33760 0.5182477
33780 0.54487426
33800 0.5683779
33820 0.58909962
33840 0.60724315
33860 0.62295523
33880 0.63631091
33900 0.64736412
33920 0.65611811
33940 0.66245767
33960 0.66610348
33980 0.66672125
34000 0.6639878
34020 0.6577658
34040 0.64831525
34060 0.63641701
34080 0.62329895
34100 0.61050053
34120 0.59960236
34140 0.59189434
34160 0.58814358
34180 0.58852823
34200 0.59269302
34220 0.59992047
34240 0.60937251
34260 0.62027377
34280 0.63200161
34300 0.64408573
34320 0.65616269
34340 0.6679154
34360 0.67906942
34380 0.68945524
34400 0.69912526
34420 0.70845589
34440 0.71819745
34460 0.72943493
34480 0.74346674
34500 0.76163075
34520 0.78515302
34540 0.81506286
34560 0.8521954
34580 0.89727414
34600 0.95104098
34620 1.01437388
34640 1.08835034
34660 1.17423753
34680 1.27339791
34700 1.38711759
34720 1.51639423
34740 1.66171778
34760 1.82287327
34780 1.99881185
34800 2.18763539
34820 2.38669412
34840 2.5927987
34860 2.80252502
34880 3.01255395
34900 3.21997641
34920 3.4225263
34940 3.61870024
34960 3.80775698
34980 3.98961838
35000 4.16470771
35020 4.33376297
35040 4.49765852
35060 4.6572456
35080 4.81323079
35100 4.96609448
35120 5.11604589
35140 5.26302152
35160 5.40675034
35180 5.54685202
35200 5.68295847
35220 5.81482757
35240 5.94242727
35260 6.06593458
35280 6.18568428
35300 6.30207253
35320 6.4154598
35340 6.52607448
35360 6.63397758
35380 6.73905847
35400 6.84106951
35420 6.93967444
35440 7.03453337
35460 7.12537319
35480 7.21206166
35500 7.2946557
35520 7.3734121
35540 7.44873109
35560 7.52108356
35580 7.59091815
35600 7.65857777
35620 7.72425524
35640 7.78800252
35660 7.84973126
35680 7.90919557
35700 7.96596493
35720 8.01936519
35740 8.06840568
35760 8.11178571
35780 8.14801182
35800 8.17558481
35820 8.19329644
35840 8.20060224
35860 8.19792313
35880 8.18678534
35900 8.16983609
35920 8.15060555
35940 8.13300341
35960 8.12070912
35980 8.11661737
36000 8.12229102
36020 8.13764594
36040 8.16095932
36060 8.18914567
36080 8.2181667
36100 8.24372145
36120 8.26202192
36140 8.27054063
36160 8.26861926
36180 8.25788099
36200 8.24213629
36220 8.22680878
36240 8.21792415
36260 8.22087254
36280 8.23923955
36300 8.27409811
36320 8.32390811
36340 8.38506827
36360 8.45294957
36380 8.52301485
36400 8.59175595
36420 8.65723564
36440 8.71915615
36460 8.77848884
36480 8.83697042
36500 8.89649654
36520 8.95860088
36540 9.0240889
36560 9.09291035
36580 9.16413518
36600 9.23615123
36620 9.30693788
36640 9.37437627
36660 9.43649816
36680 9.49170531
36700 9.53884032
36720 9.57722249
36740 9.60664057
36760 9.6273328
36780 9.63993632
36800 9.64544833
36820 9.6451314
36840 9.64039311
36860 9.63266366
36880 9.62326449
36900 9.61331187
36920 9.60365207
36940 9.59483331
36960 9.58709829
36980 9.5804607
37000 9.57476124
37020 9.5697536
37040 9.56516409
37060 9.56070567
37080 9.55598701
37100 9.55043912
37120 9.54322924
37140 9.53323352
37160 9.51910169
37180 9.49940777
37200 9.47279687
37220 9.43812635
37240 9.39456162
37260 9.34160578
37280 9.27911327
37300 9.20731405
37320 9.1268216
37340 9.03860256
37360 8.94392007
37380 8.84419132
37400 8.74077416
37420 8.6347692
37440 8.52693004
37460 8.41766892
37480 8.30720217
37500 8.1958157
37520 8.08413201
37540 7.97322969
37560 7.86459956
37580 7.75993746
37600 7.66079201
37620 7.56818205
37640 7.48233753
37660 7.40265111
37680 7.32779802
37700 7.25600938
37720 7.18541589
37740 7.11436822
37760 7.04158748
37780 6.96620269
37800 6.88769513
37820 6.80577292
37840 6.72019178
37860 6.63068731
37880 6.53695885
37900 6.43864824
37920 6.33538169
37940 6.22690234
37960 6.11314331
37980 5.99428617
38000 5.87090598
38020 5.74403497
38040 5.61512486
38060 5.4859842
38080 5.35867878
38100 5.23529217
38120 5.11773732
38140 5.00755605
38160 4.90575536
38180 4.81268442
38200 4.72800095
38220 4.65064274
38240 4.57900422
38260 4.51118177
38280 4.44525271
38300 4.37962619
38320 4.3133943
38340 4.24641449
38360 4.17926113
38380 4.1130935
38400 4.04933363
38420 3.98929903
38440 3.93399251
38460 3.88394881
38480 3.83914285
38500 3.79907891
38520 3.76294493
38540 3.72974798
38560 3.69849667
38580 3.66835981
38600 3.63870297
38620 3.60909381
38640 3.57928035
38660 3.54911361
38680 3.51849721
38700 3.48742734
38720 3.45598994
38740 3.42437186
38760 3.39285588
38780 3.36174474
38800 3.33123339
38820 3.30137865
38840 3.27204469
38860 3.24291635
38880 3.2136319
38900 3.18389198
38920 3.15348476
38940 3.12237256
38960 3.09075916
38980 3.05901631
39000 3.02766789
39020 2.99739208
39040 2.96893621
39060 2.94289065
39080 2.91958292
39100 2.8989602
39120 2.88053061
39140 2.86337441
39160 2.84646157
39180 2.82891073
39200 2.8102153
39220 2.79034755
39240 2.76986546
39260 2.74966976
39280 2.73073893
39300 2.71389756
39320 2.69972973
39340 2.68839948
39360 2.67973572
39380 2.67339182
39400 2.66896129
39420 2.6659736
39440 2.66403864
39460 2.66287686
39480 2.66228069
39500 2.66214227
39520 2.66254227
39540 2.66365683
39560 2.66562
39580 2.66841543
39600 2.67173748
39620 2.67488292
39640 2.67689167
39660 2.67683854
39680 2.67414114
39700 2.66882677
39720 2.66167941
39740 2.65405611
39760 2.64753371
39780 2.64350047
39800 2.64279824
39820 2.64550043
39840 2.65101105
39860 2.65828789
39880 2.66613136
39900 2.67346304
39920 2.67951758
39940 2.68384456
39960 2.68624172
39980 2.68665075
40000 2.68506346
40020 2.68146858
40040 2.67585686
40060 2.66826229
40080 2.65880122
40100 2.64767165
40120 2.63515396
40140 2.62158227
40160 2.60729925
40180 2.59262265
40200 2.57783266
40220 2.56309473
40240 2.54844363
40260 2.53375752
40280 2.518748
40300 2.50296851
40320 2.48591968
40340 2.46707842
40360 2.44594886
40380 2.42207965
40400 2.39509479
40420 2.36468475
40440 2.33067756
40460 2.29312288
40480 2.25238808
40500 2.2091566
40520 2.16437072
40540 2.11907494
40560 2.07420452
40580 2.03039312
40600 1.98790898
40620 1.94668348
40640 1.90643871
40660 1.86685236
40680 1.82768635
40700 1.78883701
40720 1.75032826
40740 1.71224675
40760 1.67468708
40780 1.63773188
40800 1.60144172
40820 1.56585217
40840 1.53099753
40860 1.49692714
40880 1.46371952
40900 1.43152699
40920 1.40063054
40940 1.37145507
40960 1.344541
40980 1.32046523
41000 1.29972164
41020 1.28260358
41040 1.2691382
41060 1.25908382
41080 1.25199794
41100 1.24731323
41120 1.24440325
41140 1.24261699
41160 1.24128863
41180 1.23970832
41200 1.23715174
41220 1.23289946
41240 1.22628585
41260 1.21676087
41280 1.20398864
41300 1.18788765
41320 1.16875699
41340 1.14734595
41360 1.12487215
41380 1.10292504
41400 1.08330883
41420 1.06768769
41440 1.05726723
41460 1.05252268
41480 1.05309639
41500 1.05785739
41520 1.06519939
41540 1.07336206
41560 1.08076357
41580 1.08622169
41600 1.08904685
41620 1.08898714
41640 1.0861482
41660 1.08088903
41680 1.07373948
41700 1.0653443
41720 1.05642013
41740 1.04767307
41760 1.03969714
41780 1.03288314
41800 1.02736354
41820 1.02301646
41840 1.01955599
41860 1.01663357
41880 1.01389286
41900 1.01098501
41920 1.00752856
41940 1.00298815
41960 0.99670614
41980 0.98811062
42000 0.97693363
42020 0.96344473
42040 0.94874136
42060 0.93461455
42080 0.92307032
42100 0.91586687
42120 0.91407708
42140 0.91761203
42160 0.92529852
42180 0.93534766
42200 0.94579881
42220 0.95492331
42240 0.96165483
42260 0.9656283
42280 0.96695975
42300 0.96606932
42320 0.96355569
42340 0.96008333
42360 0.95641422
42380 0.95353296
42400 0.95273224
42420 0.95561782
42440 0.96402113
42460 0.97989105
42480 1.00514287
42500 1.0414088
42520 1.08982152
42540 1.15088312
42560 1.22421824
42580 1.30832847
42600 1.40062524
42620 1.4975708
42640 1.59487821
42660 1.68802397
42680 1.77288522
42700 1.84611302
42720 1.90531404
42740 1.9490907
42760 1.97679637
42780 1.98818434
42800 1.9832129
42820 1.96208322
42840 1.92541159
42860 1.87445044
42880 1.81121515
42900 1.73847821
42920 1.65951987
42940 1.57769713
42960 1.49607227
42980 1.41720956
43000 1.34303482
43020 1.27474771
43040 1.21293629
43060 1.15766031
43080 1.10846716
43100 1.06445973
43120 1.02456464
43140 0.98766373
43160 0.95274363
43180 0.91900345
43200 0.88593362
43220 0.85318672
43240 0.82054232
43260 0.78787324
43280 0.75524816
43300 0.72295483
43320 0.69157191
43340 0.66195162
43360 0.63515771
43380 0.61219966
43400 0.59383619
43420 0.58041641
43440 0.57177823
43460 0.56720545
43480 0.56555801
43500 0.56547841
43520 0.5655995
43540 0.56475955
43560 0.56219
43580 0.5576519
43600 0.55138783
43620 0.54399263
43640 0.53622708
43660 0.52882434
43680 0.52223483
43700 0.51653773
43720 0.51145529
43740 0.50644484
43760 0.50081864
43780 0.49397621
43800 0.48557066
43820 0.47565351
43840 0.46473508
43860 0.45377909
43880 0.44404918
43900 0.43688518
43920 0.43335885
43940 0.43399082
43960 0.43856696
43980 0.4461395
44000 0.45520413
44020 0.4640863
44040 0.47132409
44060 0.47596319
44080 0.47766347
44100 0.47661115
44120 0.47322942
44140 0.46784886
44160 0.46046527
44180 0.45069203
44200 0.4379068
44220 0.42159753
44240 0.4017554
44260 0.37911953
44280 0.35518531
44300 0.33196971
44320 0.31153569
44340 0.29549561
44360 0.28471659
44380 0.2792603
44400 0.27857035
44420 0.28185666
44440 0.28842557
44460 0.29779147
44480 0.30963425
44500 0.3236097
44520 0.33911091
44540 0.35517348
44560 0.37061483
44580 0.38425334
44600 0.39516788
44620 0.40291575
44640 0.40759721
44660 0.40971843
44680 0.41001753
44700 0.4093046
44720 0.40832733
44740 0.40770763
44760 0.4079572
44780 0.40948227
44800 0.4125409
44820 0.41720691
44840 0.42335964
44860 0.43071974
44880 0.43893265
44900 0.44770588
44920 0.45691769
44940 0.46664681
44960 0.47710886
44980 0.48852841
45000 0.50098287
45020 0.51430069
45040 0.52804525
45060 0.54158817
45080 0.55427451
45100 0.56560508
45120 0.57535653
45140 0.58362598
45160 0.59079982
45180 0.59740895
45200 0.6039562
45220 0.61079632
45240 0.6180897
45260 0.62580772
45280 0.63381609
45300 0.64197971
45320 0.65021741
45340 0.65848153
45360 0.66671551
45380 0.67480556
45400 0.68253327
45420 0.68958297
45440 0.69561489
45460 0.70036417
45480 0.70371874
45500 0.70579334
45520 0.70695321
45540 0.70779136
45560 0.70904528
45580 0.71149614
45600 0.71584553
45620 0.72262737
45640 0.73212739
45660 0.74434369
45680 0.75899032
45700 0.77554116
45720 0.79323833
45740 0.81114651
45760 0.8282704
45780 0.84367412
45800 0.85658484
45820 0.86657267
45840 0.87366642
45860 0.87832788
45880 0.88136785
45900 0.88383612
45920 0.88678825
45940 0.89108114
45960 0.8972753
45980 0.90558399
46000 0.91585461
46020 0.92766192
46040 0.94039519
46060 0.95332259
46080 0.96567372
46100 0.97673137
46120 0.98589381
46140 0.99280065
46160 0.99745637
46180 1.00029784
46200 1.00220896
46220 1.00447046
46240 1.00854074
46260 1.01578252
46280 1.02720264
46300 1.04323732
46320 1.06362454
46340 1.08748971
46360 1.11354952
46380 1.14038047
46400 1.16668769
46420 1.19154947
46440 1.21451343
46460 1.2355783
46480 1.25508673
46500 1.27359477
46520 1.29170104
46540 1.30992177
46560 1.32862895
46580 1.34804982
46600 1.36828003
46620 1.38934236
46640 1.41126131
46660 1.43410176
46680 1.45795933
46700 1.48293494
46720 1.50907611
46740 1.5362797
46760 1.56423776
46780 1.59243769
46800 1.62020443
46820 1.64679929
46840 1.67157768
46860 1.69411443
46880 1.71430078
46900 1.73239324
46920 1.74897946
46940 1.76486804
46960 1.78096161
46980 1.79809764
47000 1.81689602
47020 1.83766395
47040 1.86036601
47060 1.8846599
47080 1.91001031
47100 1.93584864
47120 1.96173367
47140 1.98746723
47160 2.01312459
47180 2.03899807
47200 2.06547429
47220 2.09287404
47240 2.1213547
47260 2.15089957
47280 2.18138455
47300 2.21270587
47320 2.24494609
47340 2.27842872
47360 2.31367723
47380 2.35128887
47400 2.39172858
47420 2.43509154
47440 2.48100161
47460 2.52863922
47480 2.5769116
47500 2.62479993
47520 2.67177011
47540 2.71808036
47560 2.7649273
47580 2.81437406
47600 2.86895293
47620 2.93110756
47640 3.00264391
47660 3.08429687
47680 3.17549769
47700 3.27451708
47720 3.37885763
47740 3.48575345
47760 3.5926809
47780 3.69778012
47800 3.8000325
47820 3.89920995
47840 3.99568525
47860 4.09016035
47880 4.18349638
47900 4.27667644
47920 4.37094932
47940 4.46804143
47960 4.57039474
47980 4.6810451
48000 4.80322712
48020 4.93967025
48040 5.09183036
48060 5.25911356
48080 5.43867328
48100 5.62568342
48120 5.81412317
48140 5.99773799
48160 6.17112688
48180 6.33039787
48200 6.47342458
48220 6.59962916
48240 6.70958263
48260 6.80442321
48280 6.88539214
48300 6.95351371
48320 7.00950671
48340 7.05373183
48360 7.08622623
48380 7.10680379
48400 7.11518434
48420 7.11109521
48440 7.0944577
48460 7.06556935
48480 7.0251677
48500 6.97436321
48520 6.91445938
48540 6.84661199
48560 6.77145865
48580 6.68885471
48600 6.59779713
48620 6.4965695
48640 6.38315788
48660 6.25578194
48680 6.11341798
48700 5.95620248
48720 5.78559748
48740 5.60420627
48760 5.41535288
48780 5.22255762
48800 5.02898309
48820 4.83705087
48840 4.64836154
48860 4.46389026
48880 4.28426712
48900 4.11013827
48920 3.94240747
48940 3.78227569
48960 3.63104644
48980 3.48993548
49000 3.3598369
49020 3.24115835
49040 3.13376193
49060 3.03705388
49080 2.95003997
49100 2.87141508
49120 2.79965526
49140 2.73308139
49160 2.66989562
49180 2.60825526
49200 2.54633614
49220 2.48243521
49240 2.41513909
49260 2.34348004
49280 2.26708686
49300 2.18630966
49320 2.10217638
49340 2.01616888
49360 1.92993623
49380 1.8449429
49400 1.76209763
49420 1.68158315
49440 1.60291635
49460 1.52513203
49480 1.4470321
49500 1.36758831
49520 1.28622561
49540 1.20289541
49560 1.11802546
49580 1.03245744
49600 0.94710185
49620 0.86263582
49640 0.77935891
49660 0.69716656
49680 0.61555581
49700 0.53392864
49720 0.45187101
49740 0.3693708
49760 0.28693142
49780 0.20558849
49800 0.12670737
49820 0.05176899
49840 -0.01791893
49860 -0.08149047
49880 -0.13873698
49900 -0.19016113
49920 -0.23691623
49940 -0.28058232
49960 -0.3228433
49980 -0.36506195
50000 -0.40801251
50020 -0.45182231
50040 -0.4960471
50060 -0.53988875
50080 -0.58261809
50100 -0.62384124
50120 -0.66353668
50140 -0.70204306
50160 -0.73992611
50180 -0.77767454
50200 -0.81552919
50220 -0.85350287
50240 -0.89141083
50260 -0.92901109
50280 -0.9661943
50300 -1.00305139
50320 -1.03981676
50340 -1.07679983
50360 -1.11423181
50380 -1.15219007
50400 -1.19063706
50420 -1.22947281
50440 -1.26857018
50460 -1.30781792
50480 -1.34702951
50500 -1.38581326
50520 -1.42360003
50540 -1.45974603
50560 -1.49369696
50580 -1.52523718
50600 -1.55465161
50620 -1.58260174
50640 -1.60990835
50660 -1.63727509
50680 -1.66503959
50700 -1.69309791
50720 -1.72110547
50740 -1.74873769
50760 -1.77595608
50780 -1.80314926
50800 -1.83106706
50820 -1.86053338
50840 -1.89211984
50860 -1.92587575
50880 -1.9612064
50900 -1.99696468
50920 -2.03176191
50940 -2.06433792
50960 -2.0938059
50980 -2.11980726
51000 -2.14249981
51020 -2.16234376
51040 -2.17983661
51060 -2.19546654
51080 -2.20968152
51100 -2.22291923
51120 -2.23575787
51140 -2.24904488
51160 -2.26373589
51180 -2.28074785
51200 -2.3008364
51220 -2.32440359
51240 -2.3513712
51260 -2.38129605
51280 -2.41345786
51300 -2.44691479
51320 -2.4806535
51340 -2.51372435
51360 -2.54529831
51380 -2.5747868
51400 -2.60196704
51420 -2.62699299
51440 -2.6503681
51460 -2.67283767
51480 -2.69518942
51500 -2.7180679
51520 -2.74188175
51540 -2.7667211
51560 -2.79240624
51580 -2.81861902
51600 -2.84500463
51620 -2.87120125
51640 -2.89691719
51660 -2.92193494
51680 -2.94607035
51700 -2.96917181
51720 -2.99117966
51740 -3.01212638
51760 -3.03212349
51780 -3.05134135
51800 -3.06995398
51820 -3.08804493
51840 -3.10556581
51860 -3.1223565
51880 -3.13824427
51900 -3.15315706
51920 -3.16723268
51940 -3.18083684
51960 -3.19451363
51980 -3.20877751
52000 -3.22392663
52020 -3.23993447
52040 -3.25648806
52060 -3.27305158
52080 -3.28910143
52100 -3.30430868
52120 -3.31858104
52140 -3.33197491
52160 -3.34465338
52180 -3.35676384
52200 -3.3683556
52220 -3.37943739
52240 -3.39006828
52260 -3.40037634
52280 -3.41058391
52300 -3.42106465
52320 -3.43227499
52340 -3.4447531
52360 -3.45916634
52380 -3.47628599
52400 -3.49682682
52420 -3.52143219
52440 -3.5505094
52460 -3.58399458
52480 -3.62130083
52500 -3.66144442
52520 -3.70301766
52540 -3.74436944
52560 -3.78392582
52580 -3.82035064
52600 -3.85264057
52620 -3.88035008
52640 -3.90363627
52660 -3.92316453
52680 -3.9400424
52700 -3.95562941
52720 -3.97125193
52740 -3.98801215
52760 -4.00666796
52780 -4.02756007
52800 -4.05072465
52820 -4.07603779
52840 -4.1032829
52860 -4.13215595
52880 -4.16223419
52900 -4.19286354
52920 -4.223096
52940 -4.2517658
52960 -4.2776916
52980 -4.29991114
53000 -4.3178994
53020 -4.33169995
53040 -4.34189301
53060 -4.34940919
53080 -4.35529254
53100 -4.36046722
53120 -4.36556298
53140 -4.37084742
53160 -4.37626472
53180 -4.38152582
53200 -4.38625837
53220 -4.39014983
53240 -4.39306265
53260 -4.3951135
53280 -4.39670009
53300 -4.3984358
53320 -4.40105256
53340 -4.40528178
53360 -4.41172022
53380 -4.42076244
53400 -4.43260165
53420 -4.447252
53440 -4.46458973
53460 -4.48441745
53480 -4.50644956
53500 -4.53027595
53520 -4.5553662
53540 -4.58109812
53560 -4.60681154
53580 -4.63195037
53600 -4.65621568
53620 -4.67962334
53640 -4.70251721
53660 -4.72550403
53680 -4.74929967
53700 -4.77453697
53720 -4.80166534
53740 -4.83086029
53760 -4.86200463
53780 -4.89473774
53800 -4.9285743
53820 -4.96299487
53840 -4.99757804
53860 -5.03209595
53880 -5.06652897
53900 -5.10094243
53920 -5.13525014
53940 -5.16885245
53960 -5.20028872
53980 -5.22707616
54000 -5.24583705
54020 -5.25276482
54040 -5.24440847
54060 -5.2185298
54080 -5.17469724
54100 -5.11449966
54120 -5.04127425
54140 -4.95933226
54160 -4.87295322
54180 -4.78554237
54200 -4.69905517
54220 -4.61385261
54240 -4.529004
54260 -4.44292071
54280 -4.35402349
54300 -4.26133309
54320 -4.16469827
54340 -4.0648379
54360 -3.96304329
54380 -3.86070702
54400 -3.75882978
54420 -3.65796148
54440 -3.5580908
54460 -3.45886211
54480 -3.36001048
54500 -3.26186145
54520 -3.16535353
54540 -3.0721345
54560 -2.98429594
54580 -2.90384835
54600 -2.83203988
54620 -2.7689975
54640 -2.7134587
54660 -2.66295965
54680 -2.61439059
54700 -2.56481466
54720 -2.51221183
54740 -2.45602122
54760 -2.39718135
54780 -2.33773426
54800 -2.28014371
54820 -2.22652106
54840 -2.17798271
54860 -2.13438798
54880 -2.09442605
54900 -2.05593409
54920 -2.0163758
54940 -1.97335624
54960 -1.92504093
54980 -1.87044986
55000 -1.80963334
55020 -1.74369798
55040 -1.67466213
55060 -1.60509426
55080 -1.53763041
55100 -1.47442889
55120 -1.41669787
55140 -1.36441519
55160 -1.31642058
55180 -1.27079036
55200 -1.22544924
55220 -1.17879721
55240 -1.13022096
55260 -1.0802783
55280 -1.03049063
55300 -0.98285798
55320 -0.93933319
55340 -0.9013302
55360 -0.86944642
55380 -0.84371462
55400 -0.82394924
55420 -0.80998997
55440 -0.80190166
55460 -0.80001909
55480 -0.80438885
55500 -0.81440918
55520 -0.828802
55540 -0.84567925
55560 -0.8627309
55580 -0.87785786
55600 -0.88949433
55620 -0.89661782
55640 -0.89871285
55660 -0.89569585
55680 -0.88771736
55700 -0.87514664
55720 -0.85858431
55740 -0.83883629
55760 -0.8168488
55780 -0.79355282
55800 -0.7696763
55820 -0.74570294
55840 -0.72183885
55860 -0.69801009
55880 -0.67396996
55900 -0.64940886
55920 -0.62399065
55940 -0.59747652
55960 -0.56986932
55980 -0.54146359
56000 -0.51283386
56020 -0.48475229
56040 -0.45797499
56060 -0.43297541
56080 -0.40977841
56100 -0.38790233
56120 -0.36643938
56140 -0.34425443
56160 -0.32024426
56180 -0.29352785
56200 -0.26356158
56220 -0.23016
56240 -0.19342765
56260 -0.15363528
56280 -0.11113424
56300 -0.06629312
56320 -0.01942975
56340 0.02917043
56360 0.0791586
56380 0.13006797
56400 0.18126906
56420 0.23184625
56440 0.28058539
56460 0.32608186
56480 0.36685213
56500 0.40146633
56520 0.42882136
56540 0.44835011
56560 0.46015853
56580 0.46507803
56600 0.46464737
56620 0.46089996
56640 0.45607421
56660 0.45224178
56680 0.45102529
56700 0.45336475
56720 0.45943586
56740 0.46872291
56760 0.48024893
56780 0.49276934
56800 0.50497882
56820 0.51571117
56840 0.52407339
56860 0.52951874
56880 0.53195018
56900 0.5317933
56920 0.52996045
56940 0.52770478
56960 0.526389
56980 0.52717922
57000 0.5307734
57020 0.53720615
57040 0.54587885
57060 0.55575654
57080 0.56569083
57100 0.57465809
57120 0.58207632
57140 0.58791753
57160 0.59262876
57180 0.59686662
57200 0.6013686
57220 0.60663545
57240 0.61272878
57260 0.61924576
57280 0.62552427
57300 0.63074094
57320 0.63417417
57340 0.63543208
57360 0.63458274
57380 0.63210211
57400 0.6288423
57420 0.62590505
57440 0.6244678
57460 0.6255822
57480 0.63002276
57500 0.63815225
57520 0.64981475
57540 0.66434166
57560 0.6806583
57580 0.69743857
57600 0.71326108
57620 0.72683247
57640 0.73711361
57660 0.74338744
57680 0.74532521
57700 0.74307787
57720 0.73723301
57740 0.72879602
57760 0.71913707
57780 0.70978576
57800 0.7021228
57820 0.6971906
57840 0.69553518
57860 0.69712596
57880 0.70153424
57900 0.70823234
57920 0.71681346
57940 0.72714324
57960 0.73942034
57980 0.7539818
58000 0.77104908
58020 0.79053777
58040 0.81196565
58060 0.83449082
58080 0.85715818
58100 0.87915053
58120 0.89998738
58140 0.91963339
58160 0.93845017
58180 0.95696855
58200 0.97567557
58220 0.99484017
58240 1.01437928
58260 1.03385541
58280 1.05264759
58300 1.07010006
58320 1.08563829
58340 1.09890811
58360 1.10984304
58380 1.11859329
58400 1.12550287
58420 1.13113616
58440 1.13621824
58460 1.14157746
58480 1.14812918
58500 1.15674188
58520 1.16797151
58540 1.18192545
58560 1.19817537
58580 1.21572348
58600 1.23315967
58620 1.24910513
58640 1.26254557
58660 1.27306805
58680 1.28100416
58700 1.28736609
58720 1.29337161
58740 1.29998703
58760 1.30763687
58780 1.31602467
58800 1.32413321
58820 1.33061425
58840 1.33426793
58860 1.33434084
58880 1.33072471
58900 1.32401077
58920 1.31532517
58940 1.3060238
58960 1.29747163
58980 1.29087152
59000 1.2871925
59020 1.28707781
59040 1.29087015
59060 1.29866021
59080 1.31027927
59100 1.32524677
59120 1.34293009
59140 1.36263837
59160 1.38364071
59180 1.40533005
59200 1.42739389
59220 1.44972813
59240 1.47239803
59260 1.4957079
59280 1.52007763
59300 1.54589341
59320 1.57351423
59340 1.60319042
59360 1.63485587
59380 1.66805193
59400 1.70195793
59420 1.73541951
59440 1.76713087
59460 1.79592176
59480 1.82100231
59500 1.84202473
59520 1.85904236
59540 1.87230743
59560 1.88204492
59580 1.88826765
59600 1.89082977
59620 1.88961615
59640 1.88483664
59660 1.87724478
59680 1.86821883
59700 1.85955704
59720 1.8531656
59740 1.85070189
59760 1.85331627
59780 1.86158052
59800 1.87564829
59820 1.89540193
59840 1.92055265
59860 1.95066516
59880 1.98508356
59900 2.02280017
59920 2.06248712
59940 2.10268319
59960 2.14206965
59980 2.17973332
60000 2.21535347
60020 2.24917864
60040 2.28185549
60060 2.31416103
60080 2.34674368
60100 2.37992681
60120 2.41369186
60140 2.44768039
60160 2.48128498
60180 2.51383652
60200 2.54481198
60220 2.57388524
60240 2.60108673
60260 2.62679333
60280 2.65166792
60300 2.67628428
60320 2.70168226
60340 2.72762878
60360 2.75673865
60380 2.7836201
60400 2.82350476
60420 2.83683103
60440 2.92686761
60460 2.821374
60480 3.231621
